247.0 254.3 260.6 266.7 272.0 277.3 282.3 286.9 291.4 295.6 299.4 302.9 306.5 309.8 312.9 316.1 319.5 322.6 325.7 328.9 332.1 335.6 339.1 342.8 346.9 351.0 355.3 359.7 364.2 368.8 373.4 378.1 382.9 387.8 392.9 398.1 403.5 408.9 414.5 420.0 425.7 431.5 437.3 443.2 449.3 455.5 461.6 467.8 473.6 479.2 33.0 33.1 33.0 33.0 35.2 37.3 40.3 44.0 48.1 52.6 57.2 61.9 66.6 71.4 76.3 81.2 86.0 90.9 95.8 100.6 105.5 110.3 115.0 119.6 124.2 128.6 133.0 137.4 141.5 145.4 149.1 152.6 156.0 159.1 161.7 164.1 166.1 168.0 169.4 171.0 172.2 173.1 174.1 174.8 175.1 175.1 175.0 174.9 174.0 172.6 0.0 1782168459.461312
247.0 254.3 260.6 266.8 272.0 277.4 282.3 287.0 291.4 295.6 299.4 302.9 306.4 309.8 312.9 316.1 319.5 322.6 325.7 328.9 332.1 335.6 339.1 342.8 346.9 351.0 355.4 359.8 364.2 368.8 373.5 378.2 383.0 387.9 393.0 398.2 403.6 409.0 414.6 420.2 425.8 431.6 437.5 443.3 449.4 455.6 461.8 467.9 473.7 479.3 33.0 33.1 33.0 32.9 35.2 37.3 40.3 44.0 48.2 52.6 57.2 62.0 66.7 71.5 76.4 81.3 86.1 91.0 95.9 100.7 105.6 110.4 115.1 119.7 124.3 128.7 133.1 137.5 141.7 145.5 149.2 152.8 156.1 159.2 161.8 164.2 166.2 168.0 169.5 170.9 172.3 173.2 174.0 174.8 175.1 175.1 175.0 174.9 174.0 172.5 1.0 1782168459.482035
247.0 254.4 260.6 266.8 272.1 277.4 282.3 287.0 291.4 295.7 299.5 303.1 306.4 309.8 313.0 316.1 319.4 322.6 325.7 329.0 332.1 335.6 339.1 342.9 347.0 351.0 355.4 359.8 364.3 368.9 373.6 378.3 383.1 388.1 393.2 398.4 403.8 409.3 414.8 420.4 426.1 431.9 437.8 443.7 449.8 456.0 462.2 468.3 474.2 479.7 33.0 33.1 33.0 33.0 35.2 37.3 40.4 44.0 48.3 52.7 57.4 62.1 66.9 71.7 76.6 81.5 86.3 91.2 96.1 101.0 105.9 110.6 115.4 120.0 124.5 129.0 133.4 137.8 141.9 145.7 149.4 153.0 156.3 159.4 162.0 164.3 166.4 168.0 169.6 171.0 172.4 173.4 174.0 174.9 175.1 175.1 175.0 174.9 174.0 172.4 2.0 1782168459.502716
247.0 254.4 260.6 266.8 272.1 277.4 282.3 287.0 291.5 295.7 299.5 303.0 306.4 309.8 312.9 316.1 319.4 322.5 325.7 328.9 332.1 335.5 339.1 342.8 346.9 351.0 355.4 359.7 364.3 368.9 373.5 378.3 383.1 388.1 393.2 398.4 403.8 409.3 414.9 420.5 426.1 431.9 437.9 443.7 449.8 456.0 462.2 468.4 474.2 479.7 33.0 33.1 33.0 32.9 35.2 37.3 40.4 44.0 48.3 52.7 57.4 62.1 66.9 71.7 76.6 81.5 86.4 91.3 96.2 101.0 105.9 110.7 115.4 120.1 124.6 129.1 133.5 137.9 142.0 145.8 149.5 153.0 156.4 159.4 162.1 164.4 166.4 168.1 169.6 171.0 172.4 173.4 174.0 174.9 175.0 175.1 175.0 174.9 174.0 172.3 3.0 1782168459.523412
247.0 254.4 260.6 266.8 272.1 277.4 282.4 287.1 291.5 295.8 299.6 303.1 306.4 309.9 312.9 316.1 319.4 322.5 325.7 328.9 332.0 335.5 339.1 342.9 346.8 351.0 355.4 359.8 364.3 368.9 373.6 378.3 383.2 388.1 393.2 398.5 403.9 409.4 415.0 420.6 426.2 432.0 438.0 443.9 450.0 456.2 462.3 468.5 474.3 479.8 33.0 33.1 33.0 33.0 35.2 37.3 40.4 44.1 48.4 52.8 57.4 62.2 67.0 71.8 76.7 81.6 86.5 91.4 96.3 101.2 106.1 110.9 115.6 120.2 124.8 129.3 133.7 138.1 142.2 146.1 149.7 153.3 156.6 159.6 162.2 164.5 166.5 168.3 169.7 171.2 172.6 173.5 174.2 174.9 175.1 175.2 175.0 174.9 174.0 172.2 4.0 1782168459.538793
247.0 254.4 260.6 266.8 272.1 277.4 282.4 287.1 291.5 295.8 299.6 303.2 306.4 309.9 312.9 316.1 319.3 322.4 325.7 328.9 332.0 335.5 339.0 342.9 346.8 351.0 355.4 359.8 364.2 368.9 373.6 378.3 383.1 388.1 393.3 398.5 403.9 409.4 415.0 420.6 426.3 432.1 438.0 444.0 450.1 456.3 462.3 468.5 474.3 479.8 33.0 33.1 33.0 33.0 35.2 37.3 40.4 44.1 48.4 52.8 57.5 62.2 67.1 71.9 76.8 81.7 86.6 91.5 96.4 101.3 106.2 111.0 115.7 120.4 124.9 129.4 133.8 138.2 142.4 146.2 149.9 153.5 156.8 159.7 162.4 164.6 166.7 168.4 169.8 171.3 172.6 173.6 174.3 174.9 175.3 175.4 175.0 174.9 174.0 172.2 5.0 1782168459.559233
247.0 254.4 260.6 266.8 272.1 277.5 282.4 287.1 291.5 295.9 299.6 303.2 306.4 309.9 312.9 316.1 319.3 322.5 325.7 328.8 331.9 335.5 339.0 342.8 346.8 351.0 355.4 359.8 364.2 368.9 373.6 378.3 383.1 388.1 393.3 398.6 404.0 409.5 415.1 420.7 426.4 432.2 438.1 444.1 450.1 456.3 462.4 468.6 474.4 479.8 33.0 33.1 33.0 33.0 35.2 37.4 40.4 44.1 48.4 52.9 57.5 62.2 67.1 71.9 76.9 81.8 86.7 91.6 96.5 101.4 106.3 111.0 115.8 120.4 125.0 129.5 133.9 138.3 142.5 146.3 150.1 153.6 157.0 159.9 162.5 164.8 166.8 168.5 170.0 171.4 172.7 173.7 174.4 174.9 175.4 175.5 175.0 175.0 174.0 172.2 6.0 1782168459.579827
247.0 254.4 260.6 266.9 272.1 277.5 282.4 287.1 291.5 295.9 299.6 303.3 306.4 309.9 313.0 316.1 319.3 322.5 325.7 328.9 331.9 335.5 339.0 342.8 346.8 350.9 355.3 359.7 364.2 368.8 373.5 378.3 383.1 388.1 393.3 398.5 403.9 409.5 415.0 420.7 426.4 432.2 438.1 444.1 450.2 456.4 462.4 468.6 474.4 479.9 33.0 33.1 33.0 32.9 35.2 37.4 40.4 44.1 48.5 52.9 57.6 62.3 67.2 72.0 76.9 81.9 86.8 91.6 96.5 101.5 106.4 111.2 116.0 120.6 125.2 129.7 134.1 138.5 142.6 146.5 150.3 153.8 157.1 160.1 162.7 165.0 166.9 168.6 170.2 171.5 172.8 173.7 174.5 175.1 175.5 175.6 175.0 175.0 174.0 172.1 7.0 1782168459.600427
247.0 254.4 260.6 266.9 272.2 277.5 282.4 287.1 291.6 295.9 299.7 303.2 306.4 309.9 313.0 316.2 319.3 322.5 325.7 328.9 331.9 335.5 338.9 342.7 346.7 350.8 355.3 359.6 364.1 368.8 373.5 378.2 383.1 388.1 393.2 398.5 403.9 409.5 415.0 420.7 426.4 432.3 438.2 444.1 450.2 456.4 462.4 468.6 474.5 479.9 33.0 33.1 33.0 33.0 35.2 37.4 40.5 44.1 48.5 52.9 57.6 62.4 67.3 72.0 77.0 81.9 86.8 91.7 96.7 101.6 106.5 111.3 116.1 120.7 125.3 129.8 134.2 138.6 142.8 146.7 150.4 154.0 157.3 160.2 162.8 165.1 167.0 168.7 170.3 171.7 173.0 173.8 174.6 175.3 175.6 175.6 175.0 175.0 174.0 172.1 8.0 1782168459.616040
247.0 254.4 260.6 266.9 272.2 277.5 282.5 287.2 291.6 295.9 299.7 303.2 306.5 309.9 313.0 316.2 319.3 322.5 325.6 328.8 331.8 335.4 338.9 342.7 346.6 350.8 355.2 359.6 364.1 368.7 373.4 378.1 383.0 388.0 393.2 398.5 403.9 409.4 415.0 420.7 426.3 432.2 438.2 444.1 450.3 456.5 462.4 468.6 474.5 479.9 33.0 33.1 33.0 32.9 35.3 37.4 40.5 44.2 48.5 53.0 57.6 62.4 67.3 72.1 77.1 82.0 86.9 91.8 96.8 101.7 106.6 111.4 116.2 120.8 125.4 129.9 134.3 138.7 143.0 146.8 150.5 154.2 157.5 160.4 163.0 165.3 167.2 168.9 170.4 171.8 173.2 174.0 174.7 175.4 175.7 175.7 175.0 175.0 174.0 172.1 9.0 1782168459.641862
247.0 254.4 260.6 266.9 272.2 277.5 282.5 287.2 291.6 296.0 299.7 303.1 306.5 309.9 312.9 316.1 319.3 322.4 325.5 328.7 331.7 335.3 338.7 342.5 346.6 350.7 355.1 359.5 364.0 368.6 373.3 378.1 382.9 387.9 393.1 398.4 403.8 409.4 415.0 420.6 426.3 432.2 438.2 444.1 450.3 456.5 462.4 468.6 474.5 479.9 33.0 33.1 33.0 33.0 35.3 37.4 40.5 44.2 48.6 53.0 57.7 62.5 67.4 72.2 77.2 82.1 87.0 91.9 96.9 101.8 106.8 111.5 116.4 121.0 125.6 130.1 134.5 138.9 143.1 147.0 150.8 154.3 157.7 160.6 163.2 165.4 167.3 169.1 170.5 172.0 173.3 174.2 174.7 175.5 175.7 175.7 175.1 175.0 174.0 172.1 10.0 1782168459.657088
247.0 254.4 260.7 266.9 272.2 277.5 282.5 287.2 291.6 296.0 299.6 303.1 306.4 309.8 312.9 316.0 319.1 322.3 325.4 328.6 331.6 335.1 338.6 342.4 346.4 350.5 354.9 359.3 363.9 368.5 373.2 377.9 382.8 387.8 393.0 398.3 403.8 409.3 414.9 420.6 426.2 432.1 438.2 444.0 450.2 456.4 462.5 468.6 474.5 479.9 33.0 33.0 33.0 33.0 35.3 37.4 40.5 44.2 48.6 53.0 57.8 62.6 67.4 72.3 77.2 82.2 87.1 92.0 97.0 101.9 106.9 111.7 116.5 121.2 125.7 130.3 134.7 139.1 143.2 147.2 150.9 154.4 157.8 160.6 163.2 165.5 167.4 169.1 170.6 172.0 173.5 174.3 174.8 175.6 175.8 175.8 175.2 175.0 174.2 172.2 11.0 1782168459.672796
247.0 254.4 260.6 266.9 272.2 277.5 282.4 287.2 291.6 295.9 299.4 302.9 306.3 309.6 312.6 315.7 318.9 322.0 325.2 328.3 331.3 334.7 338.2 342.0 346.1 350.1 354.5 358.9 363.4 368.0 372.7 377.5 382.4 387.4 392.5 397.8 403.2 408.8 414.3 420.0 425.7 431.5 437.5 443.4 449.6 455.8 461.8 468.0 474.0 479.4 33.0 33.0 33.0 33.0 35.2 37.4 40.5 44.2 48.5 53.0 57.8 62.5 67.4 72.2 77.2 82.1 87.1 92.0 96.9 101.8 106.8 111.7 116.4 121.1 125.6 130.2 134.6 139.0 143.1 147.1 150.8 154.3 157.6 160.5 163.1 165.4 167.4 169.1 170.6 172.0 173.3 174.2 174.8 175.7 175.8 175.8 175.4 175.2 174.7 172.7 12.0 1782168459.688166
247.0 254.4 260.6 266.9 272.2 277.5 282.5 287.2 291.6 295.9 299.3 302.9 306.2 309.6 312.6 315.7 318.8 321.9 325.1 328.2 331.3 334.6 338.2 341.9 346.1 350.2 354.6 359.0 363.5 368.1 372.8 377.5 382.4 387.4 392.6 397.9 403.3 408.8 414.4 420.0 425.7 431.6 437.5 443.4 449.6 455.8 461.9 468.1 474.1 479.5 33.0 33.0 33.0 33.0 35.2 37.4 40.5 44.2 48.6 53.0 57.8 62.6 67.4 72.3 77.2 82.2 87.1 92.1 97.0 101.9 106.9 111.7 116.5 121.2 125.7 130.2 134.6 139.0 143.2 147.1 150.8 154.4 157.6 160.6 163.1 165.5 167.4 169.1 170.7 172.1 173.4 174.4 175.0 175.9 176.0 176.0 175.7 175.5 175.1 173.1 13.0 1782168459.708951
247.0 254.4 260.6 266.9 272.2 277.5 282.4 287.2 291.6 295.9 299.4 302.9 306.2 309.6 312.5 315.7 318.8 321.9 325.1 328.2 331.2 334.6 338.2 341.9 346.0 350.1 354.5 358.9 363.4 368.0 372.7 377.4 382.4 387.3 392.5 397.7 403.1 408.6 414.2 419.8 425.4 431.3 437.2 443.0 449.2 455.3 461.4 467.6 473.6 479.1 33.0 33.0 33.0 33.0 35.2 37.4 40.5 44.1 48.5 53.0 57.7 62.5 67.4 72.2 77.2 82.1 87.1 92.0 96.9 101.9 106.8 111.7 116.4 121.1 125.6 130.2 134.6 139.0 143.2 147.0 150.8 154.4 157.5 160.6 163.2 165.6 167.5 169.3 170.9 172.4 173.8 174.7 175.5 176.4 176.7 177.0 176.7 176.6 176.2 174.4 14.0 1782168459.729263
247.0 254.3 260.6 266.8 272.1 277.4 282.4 287.2 291.5 295.8 299.5 302.9 306.1 309.7 312.6 315.7 318.9 321.9 325.0 328.2 331.2 334.4 337.9 341.7 345.5 349.4 353.8 358.1 362.6 367.0 371.7 376.4 381.2 386.0 391.2 396.2 401.6 406.9 412.4 417.8 423.4 429.1 434.8 440.5 446.4 452.4 458.3 464.2 470.4 476.0 33.0 33.1 33.0 32.9 35.2 37.3 40.2 43.6 48.0 52.5 57.1 61.9 66.8 71.5 76.5 81.4 86.2 91.2 96.1 101.0 106.0 110.8 115.6 120.2 124.8 129.4 133.8 138.2 142.4 146.6 150.2 153.9 157.3 160.7 163.1 165.9 167.9 170.1 171.8 173.7 175.2 176.4 177.6 178.8 179.4 180.0 180.4 180.9 180.7 180.4 15.0 1782168459.749859
247.0 254.4 260.7 267.0 272.2 277.6 282.7 287.5 291.9 296.3 300.0 303.6 306.8 310.3 313.4 316.5 319.6 322.6 325.7 329.1 331.8 335.2 338.6 342.5 346.3 350.2 354.1 358.6 363.0 367.5 372.2 376.8 381.5 386.4 391.5 396.6 401.9 407.2 412.5 418.0 423.4 428.8 434.3 440.0 445.7 451.4 457.0 462.7 468.4 474.1 33.0 33.1 33.0 32.9 35.3 37.5 40.1 43.7 48.1 52.5 57.3 62.0 66.9 71.7 76.7 81.6 86.6 91.6 96.6 101.4 106.6 111.4 116.2 120.9 125.6 130.2 134.8 139.2 143.6 147.9 151.6 155.6 159.4 162.5 165.3 168.2 170.4 172.8 175.0 176.9 178.8 180.9 182.6 184.2 185.5 186.8 188.3 189.6 190.7 191.2 16.0 1782168459.770393
247.0 254.4 260.6 266.9 272.2 277.4 282.6 287.4 291.8 296.2 299.9 303.6 306.9 310.2 313.2 316.3 319.7 322.7 325.7 328.8 331.7 334.9 338.2 341.6 345.4 349.3 353.4 357.8 362.2 366.6 371.1 375.6 380.2 384.9 389.8 394.6 399.6 404.5 409.6 414.4 419.5 424.6 429.7 434.7 440.0 445.0 450.3 455.5 460.7 465.9 33.0 33.0 33.0 33.0 35.2 37.4 40.0 43.4 47.9 52.2 57.0 61.6 66.5 71.3 76.3 81.3 86.1 91.0 96.0 101.0 106.0 110.9 115.7 120.5 125.2 129.8 134.3 138.7 143.1 147.5 151.7 155.9 159.7 163.6 166.7 170.2 173.1 176.3 179.0 182.3 185.0 187.8 190.5 193.5 195.6 198.6 200.8 203.4 205.8 208.1 17.0 1782168459.791103
247.0 254.2 260.3 266.3 271.6 276.7 281.6 286.3 290.7 294.3 297.9 301.4 305.0 308.4 311.4 314.5 317.7 320.8 323.6 327.0 330.3 333.5 336.8 340.3 344.0 347.5 351.9 355.5 359.4 363.5 367.6 371.5 375.5 379.7 383.6 387.8 392.2 396.6 401.0 405.4 409.8 414.3 418.7 423.1 427.6 432.0 436.4 440.9 445.6 450.0 33.0 33.1 33.0 33.0 35.0 37.4 40.0 43.3 47.4 52.0 56.6 61.2 65.7 70.4 75.2 80.0 84.7 89.5 94.4 99.0 103.7 108.5 113.1 117.7 122.3 126.9 131.1 135.7 140.2 144.5 148.8 153.2 157.6 161.8 166.0 170.2 174.1 178.2 182.1 186.2 190.1 194.1 198.0 202.1 205.9 209.9 213.7 217.6 220.9 224.8 18.0 1782168459.811711
247.0 254.3 260.5 266.7 271.7 277.0 281.9 286.6 290.8 294.6 298.3 302.0 305.6 308.9 312.2 315.6 318.8 322.3 325.5 328.8 332.3 335.3 339.0 342.7 346.3 350.0 353.8 356.9 360.5 364.3 368.1 371.3 374.5 378.1 381.3 384.5 388.4 391.6 395.3 398.7 401.9 405.2 408.4 411.9 415.2 418.4 421.7 425.3 428.6 432.4 33.0 33.0 33.0 33.0 35.6 37.9 40.7 44.4 48.8 53.4 58.0 62.6 67.3 72.1 76.9 81.6 86.5 91.2 96.0 100.8 105.5 110.4 115.1 119.7 124.4 129.0 133.6 138.5 143.1 147.7 152.3 157.2 162.0 166.6 171.4 176.2 180.7 185.5 190.1 194.8 199.6 204.3 209.1 213.8 218.5 223.3 228.0 232.6 237.2 241.8 19.0 1782168459.827068
247.0 254.5 260.8 267.1 272.4 277.7 282.8 287.6 292.0 295.8 299.5 303.3 307.1 310.2 313.6 317.0 320.5 323.6 327.0 330.1 333.3 336.7 340.2 343.3 346.8 350.2 353.9 357.0 360.4 363.6 366.4 369.5 371.9 375.1 377.6 380.6 383.5 386.3 388.7 391.1 394.0 396.4 398.8 401.6 403.8 406.1 409.0 411.4 413.8 416.9 33.0 33.0 33.0 33.0 35.5 38.1 40.9 44.7 49.2 53.9 58.7 63.4 68.2 73.3 78.1 83.1 87.9 93.0 97.9 102.9 107.9 112.8 117.7 122.7 127.6 132.5 137.3 142.3 147.3 152.2 157.4 162.4 167.7 172.7 178.0 183.1 188.2 193.4 198.7 204.0 209.1 214.4 219.7 224.9 230.2 235.6 240.7 246.0 251.3 256.3 20.0 1782168459.847798
247.0 254.5 260.8 267.1 272.4 277.7 282.9 287.7 292.1 296.4 300.6 304.0 307.7 310.9 314.0 317.1 320.2 323.0 326.1 328.4 331.1 333.8 337.0 339.7 342.5 345.3 348.1 350.7 353.6 355.9 358.2 360.5 362.9 364.8 366.7 368.9 371.1 373.3 374.6 376.7 377.9 380.1 381.3 383.1 384.8 386.0 387.3 389.5 390.8 392.2 33.0 33.0 33.0 32.9 35.3 37.7 40.3 43.9 48.4 52.9 57.5 62.3 67.1 72.1 77.1 82.1 87.1 92.2 97.2 102.6 107.7 112.9 117.9 123.0 128.2 133.3 138.4 143.7 148.8 154.1 159.5 164.8 170.1 175.6 181.1 186.5 191.8 197.2 203.0 208.4 214.2 219.5 225.3 230.9 236.5 242.3 248.0 253.4 259.2 264.9 21.0 1782168459.868308
247.0 254.4 260.7 266.9 272.3 277.6 282.7 287.3 291.7 296.1 299.9 303.6 306.6 309.6 312.8 315.4 318.1 320.6 323.1 325.3 327.7 329.9 332.5 334.4 336.5 338.7 340.8 343.0 344.2 346.3 347.7 348.8 350.4 351.6 352.7 354.1 355.3 356.9 358.2 359.4 360.0 360.9 361.9 362.6 363.3 364.4 365.4 366.2 366.9 368.0 33.0 33.0 33.0 33.0 35.2 37.5 40.1 44.1 48.6 52.9 57.6 62.4 67.3 72.4 77.3 82.4 87.6 92.8 98.0 103.3 108.6 113.9 119.1 124.5 129.9 135.3 140.6 145.9 151.7 157.1 162.7 168.5 174.1 179.9 185.7 191.3 197.1 202.6 208.3 214.1 220.1 226.0 231.8 237.8 243.7 249.5 255.3 261.2 267.2 273.0 22.0 1782168459.888927
247.0 254.3 260.5 266.6 271.9 277.0 281.9 286.3 290.7 294.5 297.6 300.8 303.8 306.5 308.8 311.0 313.2 315.8 317.4 319.4 320.8 322.8 325.0 326.0 328.2 329.2 330.8 332.6 333.2 334.9 335.6 336.2 337.3 337.5 337.8 338.0 339.0 339.4 339.6 339.9 339.9 341.0 341.2 341.3 342.3 342.5 342.7 343.0 343.8 344.0 33.0 33.0 33.0 33.0 35.1 37.7 40.6 44.9 49.2 53.8 58.7 63.5 68.4 73.4 78.6 83.9 89.1 94.2 99.7 105.0 110.6 115.9 121.2 126.9 132.1 137.9 143.3 148.8 154.7 160.1 166.0 171.9 177.6 183.7 189.7 195.8 201.5 207.5 213.5 219.6 225.7 231.4 237.5 243.6 249.3 255.4 261.5 267.5 273.3 279.4 23.0 1782168459.904353
247.0 254.3 260.5 266.7 271.7 276.9 281.7 286.1 289.4 292.9 295.6 298.3 300.7 302.4 304.7 306.2 308.0 309.8 311.5 312.8 313.8 315.1 316.6 317.5 319.0 320.0 321.5 322.5 322.6 323.8 323.9 324.0 324.5 325.1 325.1 325.3 324.6 324.7 324.7 324.8 324.8 325.0 325.0 325.1 325.3 325.3 325.4 324.6 324.8 324.8 33.0 33.0 33.0 33.0 35.6 38.0 41.3 45.7 50.5 55.2 60.3 65.3 70.5 75.9 81.1 86.6 92.1 97.5 102.9 108.6 114.3 119.9 125.5 131.3 136.8 142.5 148.1 153.8 159.9 165.6 171.7 177.8 183.8 189.7 195.8 202.0 207.7 213.9 220.0 226.1 232.3 238.4 244.5 250.7 256.8 262.9 269.0 274.8 280.9 287.1 24.0 1782168459.920021
247.0 254.3 260.4 266.6 271.6 276.6 281.0 285.2 288.2 291.0 292.8 295.0 296.9 298.3 300.1 300.5 301.6 302.7 303.9 305.0 305.2 306.1 307.3 307.4 308.6 309.6 309.9 310.2 310.9 311.2 311.2 311.1 312.1 312.2 312.2 311.4 311.3 311.3 311.3 311.2 310.5 310.1 309.8 309.0 309.0 308.3 308.0 307.4 306.7 306.6 33.0 33.0 33.0 33.0 35.7 38.5 42.6 47.0 51.9 56.9 62.3 67.5 72.8 78.4 83.8 89.7 95.4 101.1 106.7 112.4 118.5 124.2 129.9 136.0 141.6 147.4 153.4 159.4 165.2 171.3 177.4 183.6 189.3 195.4 201.5 207.3 213.4 219.5 225.6 231.7 237.6 243.5 249.5 255.3 261.4 267.2 273.2 279.1 284.9 291.0 25.0 1782168459.940638
247.0 254.3 260.4 266.6 271.6 276.3 280.1 283.5 285.6 287.4 289.0 290.2 290.6 291.1 292.0 292.1 292.3 293.3 293.1 293.0 293.0 293.2 293.5 293.5 294.5 294.7 294.8 294.8 295.0 295.0 295.0 294.2 294.4 294.4 294.4 294.1 293.4 293.5 292.7 292.2 291.8 290.8 289.9 289.6 289.0 288.1 287.1 286.4 285.9 285.3 33.0 33.0 33.0 33.0 35.6 39.2 43.7 48.4 53.7 59.0 64.6 70.2 76.1 82.1 87.9 93.9 100.0 105.7 111.5 117.5 123.6 129.7 135.7 141.8 147.5 153.6 159.7 165.8 171.9 178.0 184.2 190.0 196.0 202.2 208.3 214.3 220.2 226.3 232.1 238.1 244.0 249.8 255.5 261.5 267.4 273.2 278.9 284.8 290.7 296.6 26.0 1782168459.955887
247.0 254.0 260.1 266.1 271.2 275.7 279.4 282.2 283.5 284.6 285.8 286.0 286.1 285.4 285.6 284.8 284.9 284.3 284.2 283.4 283.4 282.7 282.7 282.3 282.1 282.1 282.2 282.2 281.4 281.4 280.6 280.5 279.7 279.7 278.9 278.9 277.9 277.4 277.0 276.0 275.2 275.0 274.1 273.1 272.3 272.0 271.5 270.9 269.9 269.8 33.0 33.0 33.0 33.2 35.8 39.6 44.1 49.1 54.7 60.3 65.9 72.0 78.1 83.8 89.9 95.6 101.7 107.4 113.5 119.2 125.4 131.2 137.2 143.2 149.1 155.2 161.3 167.4 173.2 179.3 185.1 191.2 196.9 203.0 208.9 214.9 220.7 226.6 232.6 238.3 244.0 250.1 255.8 261.5 267.3 273.3 279.2 285.1 290.8 296.9 27.0 1782168459.976483
247.0 253.9 260.1 266.1 271.2 275.6 279.0 281.2 282.3 282.5 282.8 282.3 282.1 280.8 280.1 278.6 277.7 276.8 276.0 274.2 273.4 272.2 271.4 270.3 269.2 268.5 267.7 266.4 265.5 264.8 264.0 262.5 261.5 260.7 259.8 259.8 258.8 258.6 257.8 256.8 255.8 255.8 254.8 253.8 253.7 253.6 253.3 252.6 252.4 251.5 33.0 33.0 33.0 33.3 36.1 40.3 45.1 50.3 56.0 62.1 68.1 74.1 80.1 85.8 91.6 97.1 102.9 108.7 114.5 119.9 125.7 131.4 137.3 142.9 148.6 154.5 160.3 165.9 171.7 177.6 183.4 189.0 194.7 200.5 206.3 212.5 218.3 224.3 230.2 235.9 241.7 247.8 253.6 259.3 265.4 271.6 277.6 283.5 289.5 295.4 28.0 1782168459.997093
247.0 254.0 260.2 266.4 271.0 275.6 278.7 281.1 282.1 282.1 281.9 280.4 279.6 277.9 276.4 274.7 273.1 271.4 269.6 267.6 265.7 264.0 261.7 260.1 258.6 256.9 255.3 253.3 252.2 250.5 248.9 247.7 245.9 244.4 243.1 242.4 240.8 240.6 239.6 238.5 237.9 237.6 236.6 235.6 235.5 234.7 234.6 233.7 233.7 233.5 33.0 33.0 33.0 33.1 36.0 39.8 44.8 50.0 55.8 62.0 68.1 73.7 79.7 85.2 90.8 96.3 101.9 107.4 112.9 118.3 123.7 129.2 134.5 140.1 145.7 151.2 156.8 162.2 168.0 173.5 179.1 184.8 190.3 195.9 201.6 207.5 213.1 219.2 225.0 230.8 236.8 242.9 248.7 254.5 260.8 266.7 272.9 278.7 284.9 291.1 29.0 1782168460.012727
247.0 254.0 260.4 266.7 271.7 276.2 279.7 281.8 282.8 282.0 281.5 280.1 278.5 276.4 274.5 272.4 270.2 267.8 265.3 263.1 260.3 258.3 255.7 253.6 251.2 249.0 247.1 245.0 242.9 241.2 239.1 237.0 234.8 233.6 231.8 230.2 228.9 227.3 226.3 225.3 224.4 223.5 222.5 221.5 220.7 220.0 219.7 218.7 218.8 217.9 33.0 33.0 33.0 33.0 35.9 40.2 45.0 50.5 56.4 62.3 68.4 74.1 79.8 85.2 90.7 96.1 101.6 106.9 112.1 117.5 122.7 128.1 133.3 138.8 144.1 149.5 155.0 160.4 165.8 171.5 176.9 182.3 187.7 193.5 199.1 204.7 210.5 216.1 222.0 227.8 233.8 239.7 245.6 251.5 257.5 263.5 269.7 275.6 281.9 287.8 30.0 1782168460.033243
247.0 254.1 260.5 266.9 272.0 276.5 280.3 282.1 283.0 282.8 281.9 280.0 278.3 276.1 274.1 271.3 268.5 265.9 263.4 260.0 256.8 254.2 251.2 248.4 245.4 242.8 239.9 237.1 234.7 231.9 229.3 226.7 224.6 222.5 220.4 218.6 216.5 214.7 213.2 211.5 209.6 208.1 206.5 205.2 203.4 202.4 200.7 199.8 198.2 197.2 33.0 33.0 33.0 33.0 36.0 40.5 45.3 51.0 57.0 63.3 69.3 75.0 80.6 86.1 91.6 96.8 102.1 107.4 112.8 117.7 122.8 128.1 133.2 138.4 143.6 148.9 154.1 159.3 164.7 169.9 175.2 180.5 186.0 191.5 197.0 202.7 208.2 213.8 219.6 225.3 230.9 236.6 242.3 248.2 253.8 259.8 265.5 271.5 277.2 283.2 31.0 1782168460.054084
247.0 254.1 260.4 266.7 271.8 276.3 280.2 282.3 283.2 283.8 282.8 281.1 279.7 277.6 275.4 272.4 269.7 267.1 264.7 261.0 257.8 254.8 251.8 248.4 245.4 242.2 238.8 235.9 232.6 229.4 226.5 223.0 220.1 217.2 214.3 211.5 208.7 206.2 203.8 201.4 198.6 196.7 193.8 191.4 189.0 186.8 184.2 182.4 179.9 177.8 33.0 33.0 33.0 33.0 35.8 40.3 45.0 50.4 56.4 62.4 68.4 73.9 79.7 85.1 90.5 95.6 100.8 106.0 111.3 116.1 121.1 126.2 131.2 136.1 141.2 146.2 151.1 156.2 161.1 166.1 171.3 176.1 181.2 186.4 191.5 196.6 201.8 207.0 212.4 217.7 222.8 228.3 233.5 238.8 244.1 249.5 254.7 260.3 265.6 271.0 32.0 1782168460.074463
247.0 254.0 260.2 266.5 271.7 276.0 280.1 282.1 283.0 283.9 283.1 281.9 280.1 278.4 276.2 273.9 271.3 268.7 266.5 263.4 260.0 257.0 254.0 250.9 247.9 244.9 241.3 237.8 234.5 231.1 227.5 223.3 219.2 215.7 212.2 208.6 204.9 201.0 197.6 194.2 190.2 186.8 183.2 179.3 175.8 172.6 168.9 165.6 162.1 158.8 33.0 33.1 33.0 32.9 35.6 40.1 44.7 50.1 55.9 61.8 67.7 73.4 78.9 84.5 89.8 95.1 100.3 105.4 110.8 115.7 120.6 125.6 130.6 135.6 140.6 145.6 150.3 155.1 160.0 164.8 169.6 174.1 178.6 183.4 188.2 193.0 197.7 202.3 207.2 212.0 216.6 221.4 226.2 230.8 235.6 240.5 245.3 250.1 255.0 259.8 33.0 1782168460.095113
247.0 253.9 260.2 266.4 271.5 275.9 279.6 281.8 283.0 283.2 283.0 282.1 280.6 278.9 276.9 274.8 272.6 270.4 267.8 265.4 262.4 259.4 256.7 253.8 250.8 247.9 244.1 240.5 237.3 233.3 229.7 225.4 221.1 216.7 213.0 208.6 204.2 199.9 195.5 191.3 186.8 182.4 177.7 173.3 168.9 164.5 159.8 155.4 151.1 146.5 33.0 33.1 33.0 32.9 35.5 39.9 44.5 49.8 55.5 61.6 67.8 73.6 79.2 84.7 90.0 95.3 100.6 105.9 111.0 116.3 121.2 126.2 131.3 136.2 141.2 146.2 150.8 155.5 160.4 164.9 169.6 174.0 178.5 182.4 187.0 190.9 195.0 199.3 203.3 207.7 211.6 215.4 218.8 222.7 226.7 230.6 233.8 237.8 241.8 245.1 34.0 1782168460.110645
247.0 254.1 260.5 266.9 272.0 276.5 280.4 282.1 283.2 283.8 283.0 282.0 281.0 279.0 277.0 275.0 272.9 270.2 267.7 265.1 262.3 259.6 256.9 253.9 250.9 247.3 244.2 240.3 236.6 232.3 228.4 223.7 218.9 214.4 209.9 205.1 200.4 195.4 190.4 185.5 180.4 175.2 170.0 165.0 159.9 154.8 149.6 144.5 139.3 134.1 33.0 33.0 33.0 33.0 36.0 40.5 45.3 50.9 56.9 63.0 69.0 75.0 80.9 86.5 92.0 97.5 103.1 108.3 113.6 118.9 124.2 129.4 134.7 139.8 144.9 149.8 154.9 159.7 164.5 169.1 173.9 177.8 181.8 186.2 190.2 194.1 197.9 201.3 204.5 208.1 211.0 213.9 216.6 219.9 222.9 225.8 228.5 231.5 234.4 237.0 35.0 1782168460.131152
247.0 254.1 260.4 266.7 271.8 276.5 280.8 282.8 284.1 284.8 284.6 284.4 283.0 281.4 279.4 277.4 275.4 273.1 270.4 267.8 265.2 262.5 260.0 257.2 254.2 251.1 247.8 244.1 240.3 236.4 232.2 227.9 223.1 218.4 213.7 209.0 204.0 199.0 193.9 188.7 183.5 178.1 172.8 167.3 162.0 156.5 151.1 145.7 140.2 134.8 33.0 33.0 33.0 33.0 35.8 39.7 44.3 49.8 55.6 61.6 67.8 74.1 79.8 85.5 90.9 96.4 101.9 107.3 112.5 117.7 123.0 128.2 133.4 138.6 143.7 148.7 153.6 158.4 163.2 167.9 172.4 176.4 180.1 184.1 187.9 191.5 194.9 198.0 200.8 203.6 206.2 208.4 211.0 212.9 215.3 217.3 219.3 221.6 223.7 225.8 36.0 1782168460.151860
247.0 254.0 260.3 266.6 271.7 276.5 280.8 283.8 285.6 286.4 287.2 287.2 286.1 285.0 283.7 281.8 279.7 277.5 275.2 272.6 270.0 267.5 264.5 261.8 258.6 255.5 252.0 248.3 244.5 240.8 236.4 231.8 227.0 222.1 217.5 212.6 207.6 202.6 197.4 192.2 187.0 181.5 176.3 170.8 165.4 160.1 154.5 149.0 143.5 138.1 33.0 33.0 33.0 33.0 35.7 39.5 44.0 49.0 54.5 60.5 66.4 72.6 78.5 84.3 90.1 95.5 100.9 106.3 111.6 116.8 122.0 127.3 132.3 137.5 142.4 147.4 152.2 157.0 161.7 166.4 170.9 174.7 178.5 181.8 185.6 189.1 192.1 195.2 197.9 200.5 202.9 205.0 207.6 209.3 211.6 213.8 215.6 217.3 219.3 221.3 37.0 1782168460.172343
247.0 254.3 260.6 266.9 272.0 276.9 281.3 284.8 286.5 288.1 288.9 288.9 288.5 288.1 286.9 285.0 283.0 281.1 278.9 276.6 273.9 271.0 268.4 265.5 262.4 259.0 255.2 251.2 247.3 243.1 238.5 233.8 228.9 224.1 219.1 214.2 209.3 204.3 199.2 194.0 188.8 183.4 178.3 172.9 167.7 162.3 157.0 151.7 146.4 141.1 33.0 33.0 33.0 33.0 36.0 39.2 43.7 48.6 54.2 59.9 65.8 72.1 78.2 84.3 90.1 95.6 101.1 106.6 112.0 117.3 122.5 127.6 132.8 137.9 143.0 147.8 152.6 157.2 161.9 166.5 170.5 174.3 177.6 181.1 184.5 187.8 191.2 194.2 197.1 199.7 202.3 204.7 207.5 209.6 212.3 214.6 216.8 219.4 221.7 224.2 38.0 1782168460.187801
247.0 254.5 260.8 267.2 272.3 277.2 281.9 285.5 287.5 289.4 290.4 291.0 290.9 290.8 289.7 288.5 286.5 284.7 282.4 279.9 277.6 274.9 272.2 269.3 265.8 262.7 258.3 254.5 250.2 245.8 241.1 236.3 231.3 226.5 221.4 216.5 211.6 206.5 201.5 196.5 191.3 186.2 181.1 175.9 170.8 165.8 160.6 155.5 150.5 145.2 33.0 33.0 33.0 33.0 36.0 39.4 43.4 48.2 53.7 59.3 65.2 71.3 77.6 83.9 89.8 95.6 101.1 106.8 112.2 117.5 122.8 128.1 133.3 138.4 143.4 148.4 153.0 157.7 162.3 166.8 170.7 174.5 177.6 181.4 184.5 187.9 191.3 194.4 197.7 200.9 203.8 206.7 209.6 212.6 215.6 218.7 221.5 224.6 227.8 230.2 39.0 1782168460.208603
247.0 254.3 260.5 266.7 271.8 276.8 281.6 285.2 288.1 290.1 291.7 293.2 293.4 293.4 293.1 292.0 290.8 289.0 287.7 285.6 282.8 280.7 278.2 275.5 272.8 269.8 266.0 262.3 258.6 254.6 250.4 246.0 241.3 236.7 232.1 227.6 223.0 218.3 213.6 208.9 204.1 199.4 194.6 190.0 185.3 180.7 176.1 171.3 166.6 161.8 33.0 33.0 33.0 32.9 35.6 38.3 41.8 46.5 51.4 56.8 62.3 67.9 73.9 80.1 86.2 91.9 97.6 103.0 108.6 113.9 118.9 124.2 129.4 134.4 139.5 144.4 149.0 153.7 158.3 162.8 167.1 171.5 174.9 178.7 182.6 186.5 190.5 193.9 197.4 201.1 204.4 207.9 211.4 215.0 218.6 222.5 226.1 229.6 233.1 236.5 40.0 1782168460.229252
247.0 254.3 260.4 266.5 271.7 276.7 281.4 285.5 288.1 290.6 291.9 293.8 294.3 294.7 293.8 293.6 292.5 290.6 289.5 287.5 285.4 283.3 281.1 278.9 276.3 273.7 270.5 267.4 264.4 260.8 257.1 253.8 249.5 245.8 241.9 237.5 233.8 229.3 224.9 220.6 216.1 211.7 207.3 202.9 198.3 194.0 189.6 185.2 180.8 176.4 33.0 33.0 33.0 33.0 35.2 38.1 41.4 45.8 50.9 56.0 61.6 66.9 72.8 78.8 84.5 90.6 96.2 101.6 107.2 112.5 117.7 123.0 128.2 133.4 138.4 143.5 148.3 153.2 158.0 162.6 167.2 172.0 176.1 180.6 185.1 189.3 193.8 197.9 202.1 206.2 210.4 214.5 218.7 222.8 226.5 230.7 234.9 239.0 243.2 247.3 41.0 1782168460.244585
247.0 254.0 260.3 266.5 271.6 276.6 281.3 285.2 288.0 290.1 291.4 293.2 293.3 293.3 293.2 292.3 291.3 290.1 288.3 287.0 285.1 283.0 281.1 279.0 276.9 274.4 272.0 269.4 266.5 263.5 260.3 257.8 254.0 250.2 247.1 243.5 240.1 236.2 232.4 227.9 224.2 220.4 216.0 212.1 207.8 203.8 199.3 195.5 191.7 187.3 33.0 33.1 33.0 32.9 35.5 38.5 42.2 46.7 51.8 57.1 62.8 68.3 74.5 80.7 86.8 92.7 98.5 104.2 109.6 115.3 120.7 126.1 131.5 136.8 142.2 147.4 152.6 157.7 162.8 167.7 172.6 177.8 182.4 187.0 191.9 196.6 201.4 206.0 210.6 214.9 219.6 224.2 228.6 233.1 237.4 241.9 246.3 250.9 255.5 259.9 42.0 1782168460.265064
247.0 254.3 260.6 266.8 271.8 276.6 281.1 284.4 286.4 287.9 289.6 289.8 289.9 289.9 289.8 288.9 287.9 287.6 286.5 285.5 283.8 283.0 281.1 279.9 278.2 276.6 274.4 272.4 270.5 268.1 265.7 263.6 260.7 258.2 255.6 252.8 250.1 246.9 244.1 240.8 237.3 234.2 230.9 227.3 224.0 220.8 217.4 214.2 211.0 207.9 33.0 33.0 33.0 32.9 35.8 39.3 43.6 48.5 53.9 59.5 65.0 71.1 77.3 83.5 89.8 95.6 101.4 107.5 113.3 119.1 124.6 130.5 135.9 141.7 147.2 152.7 158.1 163.5 168.9 174.1 179.4 184.7 189.7 194.9 200.1 205.1 210.2 215.1 220.2 225.0 229.8 234.8 239.6 244.3 249.2 254.1 258.9 263.8 268.7 273.6 43.0 1782168460.280441
247.0 254.1 260.4 266.7 271.4 276.0 279.9 282.5 284.6 285.6 286.8 286.8 286.8 286.6 286.0 285.8 284.8 284.7 283.7 283.1 282.0 281.4 281.0 280.0 278.9 277.7 276.2 275.3 273.5 272.0 270.0 268.7 266.5 264.5 262.6 260.2 258.0 255.8 253.6 251.4 248.8 246.4 243.7 240.7 238.4 235.6 233.2 230.8 228.6 225.6 33.0 33.0 33.0 33.0 35.8 39.8 44.4 49.6 55.1 60.9 66.7 73.0 79.3 85.5 91.6 97.8 103.7 109.9 115.8 121.8 127.7 133.7 139.8 145.7 151.5 157.4 163.0 168.9 174.5 180.2 185.6 191.3 196.8 202.2 207.7 213.0 218.4 223.7 229.2 234.5 239.7 245.0 250.2 255.3 260.6 265.7 271.0 276.3 281.7 286.7 44.0 1782168460.301191
247.0 253.9 260.1 266.1 271.0 275.5 278.9 281.3 282.5 283.4 283.8 283.8 283.8 282.9 282.8 282.0 281.8 281.0 280.8 280.3 279.6 279.4 279.3 278.4 278.2 278.0 277.6 276.6 276.3 276.0 274.8 274.6 273.3 272.9 271.8 271.3 270.4 269.6 268.4 267.1 265.8 264.4 263.1 261.7 260.4 259.1 257.9 256.6 255.5 254.7 33.0 33.0 33.0 33.2 35.9 40.1 44.9 50.0 55.6 61.4 67.4 73.6 79.7 85.5 91.6 97.4 103.5 109.3 115.3 121.3 127.1 133.2 139.3 145.1 151.1 157.2 163.2 168.9 174.9 180.9 186.6 192.6 198.2 204.2 209.9 215.8 221.6 227.4 233.0 238.7 244.2 249.8 255.4 261.0 266.6 272.2 277.8 283.5 289.1 294.9 45.0 1782168460.316713
247.0 253.9 260.0 266.0 271.0 275.3 278.8 281.0 282.1 283.2 283.2 283.1 283.0 282.2 281.9 281.3 280.3 280.3 279.4 279.3 278.3 278.3 278.3 278.1 278.0 278.0 277.9 277.7 278.5 278.4 278.2 278.1 278.6 278.6 278.7 279.0 278.9 279.5 279.3 279.9 279.6 280.1 279.8 280.4 280.1 279.8 280.4 280.1 280.1 280.6 33.0 33.0 33.0 33.3 35.9 40.2 44.9 50.1 55.8 61.5 67.6 73.7 79.8 85.5 91.5 97.4 103.1 109.2 114.9 121.0 126.7 132.8 138.9 145.0 151.1 157.2 163.2 169.3 175.0 181.1 187.1 193.2 198.9 205.0 210.9 216.8 222.8 228.5 234.5 240.2 246.2 251.9 257.9 263.5 269.6 275.6 281.2 287.3 293.2 299.0 46.0 1782168460.337387
247.0 254.0 260.3 266.4 271.6 276.1 280.2 282.5 283.6 284.7 285.4 285.4 285.4 284.4 284.3 283.5 282.4 282.4 281.5 280.9 280.5 280.5 280.5 280.4 280.4 281.2 281.2 281.9 282.9 282.9 283.8 284.4 285.3 286.7 287.7 289.3 290.7 292.2 293.5 295.5 296.7 298.7 300.4 302.5 304.0 305.6 307.9 309.6 311.3 312.1 33.0 33.0 33.0 33.5 36.1 40.3 44.8 50.2 56.0 61.8 67.8 74.1 80.3 86.2 92.4 98.3 104.2 110.5 116.3 122.4 128.5 134.7 141.0 147.3 153.5 159.5 165.7 171.7 177.6 183.8 189.6 195.7 201.5 207.2 213.0 218.6 224.3 229.9 235.6 241.0 246.8 252.2 257.7 263.0 268.6 274.2 279.5 285.0 290.5 295.8 47.0 1782168460.357900
247.0 254.3 260.5 266.7 271.8 276.4 280.8 284.1 286.1 287.4 288.5 289.7 289.9 289.7 289.7 289.5 288.4 288.5 288.2 287.4 287.3 287.3 287.3 287.3 287.3 287.5 287.6 288.4 289.4 290.1 291.1 292.6 293.9 295.7 297.6 299.5 301.8 304.5 307.1 309.9 312.6 315.4 318.6 322.1 324.9 327.9 331.4 335.2 338.5 341.6 33.0 33.0 33.0 33.1 35.9 39.6 44.1 48.9 54.3 60.0 65.8 71.5 77.6 83.8 90.0 96.1 101.9 108.2 114.3 120.2 126.3 132.6 138.8 145.0 151.2 157.4 163.5 169.4 175.2 181.1 186.9 192.5 198.2 203.7 209.1 214.5 219.8 224.9 230.0 235.1 240.2 245.3 250.1 254.9 260.0 264.9 269.7 274.3 279.1 284.0 48.0 1782168460.378973
247.0 254.0 260.2 266.4 271.5 276.4 281.0 285.1 287.6 290.0 291.4 293.2 294.2 295.3 295.6 295.5 296.1 296.1 296.9 296.7 296.7 296.7 296.7 296.7 297.5 297.4 298.3 298.7 299.7 300.9 302.2 303.4 305.2 307.2 309.7 311.8 314.6 317.4 320.8 324.0 327.5 331.1 335.1 339.2 343.3 347.4 351.6 355.8 360.0 364.3 33.0 33.0 33.0 33.0 35.6 38.6 42.4 46.9 52.1 57.3 62.9 68.3 74.1 79.8 85.8 92.0 97.8 104.0 109.8 115.9 122.1 128.3 134.4 140.6 146.5 152.7 158.5 164.5 170.3 176.0 181.6 187.3 192.7 198.1 203.2 208.5 213.5 218.6 223.3 228.2 232.9 237.6 242.1 246.6 251.1 255.6 260.0 264.4 268.9 272.8 49.0 1782168460.414626
247.0 254.4 260.7 266.9 272.0 277.2 281.9 286.4 289.5 292.8 295.1 297.2 299.6 301.5 303.1 304.4 306.4 307.3 309.0 310.4 311.4 312.9 313.9 315.3 317.1 318.4 320.4 321.9 323.9 325.8 327.8 329.8 331.9 334.1 336.6 339.2 342.2 345.1 348.6 351.6 355.1 358.4 362.3 366.1 369.9 373.8 377.6 381.4 385.2 389.7 33.0 33.0 33.0 33.0 35.9 38.5 42.2 46.7 51.6 56.6 61.9 67.3 72.6 78.1 83.7 89.4 94.8 100.7 106.3 112.0 117.8 123.5 129.4 135.0 140.6 146.3 151.8 157.4 162.9 168.4 173.8 179.3 184.7 190.0 195.3 200.5 205.5 210.6 215.4 220.5 225.3 230.2 234.9 239.6 244.3 248.9 253.6 258.3 263.0 267.4 50.0 1782168460.429986
247.0 254.4 260.7 267.0 272.0 277.1 281.8 286.3 289.9 293.0 295.7 298.1 301.0 303.5 305.5 308.0 310.4 312.7 314.7 317.3 319.1 321.6 323.6 325.8 328.2 330.6 333.4 335.7 338.3 340.7 343.2 346.0 348.1 350.7 353.3 355.8 358.9 361.6 364.8 367.3 370.2 373.3 376.4 379.2 382.5 385.2 388.4 391.4 394.5 397.9 33.0 33.0 33.0 33.0 36.0 39.0 42.7 47.1 51.9 56.9 62.1 67.3 72.4 77.7 83.1 88.4 93.7 99.0 104.4 109.7 115.2 120.4 125.9 131.3 136.5 141.8 146.9 152.3 157.5 162.8 168.0 173.1 178.5 183.7 189.0 194.2 199.2 204.4 209.3 214.6 219.7 224.7 229.6 234.7 239.7 244.8 249.8 254.8 259.8 264.7 51.0 1782168460.450488
247.0 254.5 260.8 267.1 272.0 277.1 281.9 286.3 290.1 293.1 296.1 299.0 302.5 305.4 308.3 311.3 314.2 317.1 320.5 323.5 326.3 329.7 333.2 336.3 339.5 343.0 346.6 349.6 352.9 356.1 359.4 362.4 364.9 367.6 370.1 373.0 375.8 378.0 380.4 382.8 384.6 387.1 388.8 391.1 393.3 395.3 396.9 399.0 401.3 403.6 33.0 33.0 33.0 32.9 36.2 39.2 42.9 47.3 52.0 57.1 62.2 67.3 72.1 77.2 82.3 87.4 92.5 97.6 102.5 107.5 112.6 117.6 122.4 127.4 132.4 137.2 142.0 147.1 152.0 157.0 161.9 167.0 172.3 177.5 182.7 187.8 193.0 198.3 203.7 209.0 214.5 219.8 225.4 230.7 236.1 241.6 247.2 252.6 258.0 263.3 52.0 1782168460.471148
247.0 254.4 260.7 266.9 272.2 277.4 282.5 287.2 291.5 295.6 299.1 302.7 306.5 309.3 312.8 315.9 318.9 322.4 325.7 329.0 332.4 336.2 339.5 343.4 347.0 350.7 354.9 358.4 362.1 365.7 369.2 372.2 375.4 378.0 380.9 383.5 386.3 388.4 390.4 392.5 394.2 395.8 397.6 399.0 400.5 402.1 403.4 404.7 405.8 407.1 33.0 33.1 33.0 32.9 35.4 37.8 40.6 44.2 48.7 53.2 58.0 62.7 67.4 72.5 77.3 82.3 87.3 92.0 96.9 101.8 106.6 111.3 116.2 120.8 125.5 130.3 134.8 139.5 144.3 149.0 153.8 158.8 163.7 168.9 173.9 179.1 184.2 189.5 194.9 200.3 205.9 211.4 216.9 222.6 228.2 233.8 239.5 245.2 251.0 256.7 53.0 1782168460.491745
247.0 254.5 260.9 267.2 272.5 278.2 283.6 288.7 293.4 298.3 302.8 307.1 311.5 315.6 319.8 322.3 325.9 329.7 333.4 337.0 340.2 344.1 347.3 351.0 354.8 358.6 361.8 365.6 369.2 372.6 375.8 378.8 381.9 384.5 387.5 390.2 392.9 395.1 397.3 399.3 400.9 402.4 404.3 405.9 407.3 408.7 410.3 411.4 413.2 415.0 33.0 33.0 33.0 33.0 35.5 37.2 39.4 42.5 46.4 49.7 53.8 58.3 62.9 67.5 71.1 76.5 81.3 86.1 90.9 95.8 100.7 105.5 110.5 115.3 120.1 124.9 129.9 134.6 139.5 144.4 149.5 154.5 159.6 164.9 170.0 175.2 180.4 185.9 191.3 196.8 202.5 208.2 213.8 219.4 225.2 231.0 236.7 242.5 248.2 253.7 54.0 1782168460.512314
247.0 254.5 260.9 267.2 272.5 278.2 283.7 288.9 293.9 298.9 303.6 308.5 313.1 317.7 322.0 326.3 330.6 335.0 338.7 342.6 346.7 350.5 354.1 357.5 361.1 364.6 367.6 370.6 373.3 376.1 378.9 381.4 383.6 385.8 388.6 390.9 393.6 395.8 398.3 400.8 402.9 405.3 407.9 409.9 412.2 414.6 416.6 419.0 421.8 423.8 33.0 33.0 33.0 33.0 35.6 37.0 39.1 41.9 45.1 48.4 52.2 55.7 59.8 63.9 67.4 71.5 76.1 80.6 85.4 90.1 94.8 99.5 104.4 109.3 114.2 119.1 124.2 129.3 134.5 139.7 144.9 150.2 155.6 161.0 166.2 171.6 176.8 182.2 187.5 192.9 198.3 203.7 209.0 214.4 219.8 225.2 230.7 236.0 241.2 246.7 55.0 1782168460.533139
247.0 254.3 260.5 266.7 272.1 277.7 283.0 288.2 293.2 298.2 303.0 307.6 312.1 316.7 321.3 325.6 329.9 334.3 338.5 342.8 346.5 350.7 354.4 357.9 361.5 365.2 368.1 371.0 374.0 376.7 379.2 381.3 383.6 385.3 387.6 389.8 392.0 394.2 396.7 398.8 401.4 403.8 406.4 409.5 412.0 415.1 418.4 421.2 424.7 428.0 33.0 33.0 33.0 33.0 34.9 36.2 38.3 40.6 43.6 46.5 49.7 53.5 57.4 61.1 64.7 69.1 73.4 77.8 82.3 86.6 91.3 95.7 100.4 105.1 109.7 114.4 119.4 124.3 129.3 134.3 139.5 144.7 150.0 155.5 160.7 166.0 171.2 176.5 181.6 186.9 192.0 197.2 202.3 207.2 212.3 217.2 222.0 227.0 231.7 236.6 56.0 1782168460.553657
247.0 254.4 260.6 266.7 272.1 277.8 283.2 288.5 293.4 298.4 303.2 307.9 312.4 317.1 321.6 325.9 330.3 334.3 338.4 342.4 346.0 350.0 353.7 357.1 360.7 364.3 367.2 370.3 373.3 376.0 378.6 381.1 383.5 385.6 388.0 390.5 392.9 395.4 398.3 400.6 403.3 406.0 408.7 411.8 414.5 417.7 420.9 423.7 427.3 430.5 33.0 33.0 33.0 33.0 34.9 36.2 38.2 40.4 43.4 46.1 49.6 53.3 57.2 60.9 64.8 69.2 73.6 78.1 82.6 87.1 91.8 96.3 101.0 105.8 110.5 115.2 120.2 125.1 130.0 135.1 140.2 145.3 150.5 155.9 161.1 166.2 171.4 176.6 181.6 186.8 191.9 196.9 202.0 206.9 212.0 216.8 221.7 226.7 231.4 236.3 57.0 1782168460.569280
247.0 254.4 260.6 266.9 272.1 277.7 283.1 288.3 293.1 298.1 302.8 307.2 311.7 316.1 321.1 323.8 327.6 331.4 334.9 338.2 341.4 345.4 348.7 351.9 355.7 358.7 362.3 365.9 369.1 372.3 375.8 379.2 382.3 385.4 388.9 392.3 395.7 399.0 402.2 405.5 408.6 411.5 414.5 417.5 420.4 423.2 425.8 428.7 431.7 434.8 33.0 33.1 33.0 32.9 35.2 36.6 38.8 41.1 44.7 47.5 51.2 55.5 59.8 64.0 67.2 72.3 76.9 81.6 86.3 91.2 96.1 100.6 105.5 110.4 115.0 120.0 124.7 129.4 134.3 139.2 144.0 148.8 153.7 158.7 163.4 168.2 173.0 177.9 182.8 187.6 192.6 197.6 202.6 207.5 212.5 217.6 222.8 227.8 232.8 237.7 58.0 1782168460.589791
247.0 254.3 260.5 266.7 272.0 277.2 282.3 287.2 291.6 296.1 299.9 303.8 307.6 310.9 314.5 317.6 321.4 324.7 328.1 331.5 334.8 338.7 342.6 346.1 350.3 354.5 358.1 362.3 366.4 370.0 374.2 377.7 381.3 384.8 388.5 392.1 395.3 398.7 402.3 405.4 408.8 411.8 414.9 418.3 421.6 424.8 428.1 431.7 434.6 438.2 33.0 33.0 33.0 33.0 35.2 37.5 40.0 43.3 47.5 51.6 56.1 60.6 65.2 70.0 74.4 79.4 84.0 88.8 93.6 98.3 103.1 107.7 112.3 117.0 121.4 125.9 130.6 135.0 139.5 144.2 148.6 153.3 158.0 162.7 167.4 172.1 177.0 181.7 186.4 191.3 196.1 201.0 205.9 210.7 215.5 220.4 225.1 229.9 234.8 239.5 59.0 1782168460.610213
247.0 254.3 260.4 266.6 271.6 276.6 281.3 285.7 289.5 292.7 296.0 299.2 301.9 305.0 308.1 311.0 314.0 317.6 321.2 324.1 327.7 331.4 335.0 338.6 343.0 346.6 350.9 354.5 358.6 362.4 366.2 370.4 374.0 377.5 381.6 385.4 388.8 393.0 397.0 400.7 404.2 407.9 411.8 415.3 419.0 423.0 426.6 430.2 433.6 437.3 33.0 33.0 33.0 32.9 35.5 38.2 41.6 45.8 50.3 55.0 59.8 64.6 69.5 74.4 79.2 84.1 89.0 93.6 98.2 103.1 107.8 112.4 117.0 121.6 125.9 130.6 134.9 139.5 143.9 148.5 153.0 157.4 162.0 166.7 171.1 175.7 180.4 184.8 189.2 193.9 198.5 203.1 207.6 212.3 216.9 221.3 225.9 230.6 235.3 239.9 60.0 1782168460.625660
247.0 254.0 259.8 265.7 270.8 275.4 279.9 284.2 287.8 291.0 294.3 297.2 299.6 302.1 304.9 307.0 309.6 312.2 315.3 317.7 320.3 323.0 325.4 328.6 331.7 334.7 338.1 341.0 345.1 348.1 351.7 355.6 359.5 363.0 367.0 370.4 374.4 378.5 382.6 386.0 389.9 393.9 398.0 401.9 405.9 410.0 414.0 417.9 421.9 425.9 33.0 33.1 33.0 33.0 34.8 37.5 40.8 44.3 48.7 53.1 57.6 62.3 67.1 71.9 76.5 81.5 86.2 91.0 95.5 100.4 105.1 109.8 114.6 119.2 123.7 128.3 132.7 137.3 141.4 146.0 150.4 154.6 158.8 163.2 167.3 171.8 175.9 180.1 184.2 188.6 192.8 197.0 201.1 205.3 209.5 213.6 217.8 222.0 226.2 230.4 61.0 1782168460.646282
247.0 254.3 260.4 266.6 271.8 276.8 281.7 286.2 289.8 293.5 296.3 298.9 301.5 303.7 305.7 307.8 309.8 312.1 314.1 315.8 317.7 320.4 322.7 324.9 327.7 330.7 333.3 336.1 339.3 342.3 346.0 349.5 352.8 356.4 360.8 365.0 369.3 373.6 378.0 382.4 386.9 391.2 395.8 400.3 404.9 409.4 413.9 418.5 423.0 427.6 33.0 33.1 33.0 32.9 35.1 37.8 40.9 44.7 49.3 53.9 58.9 63.9 69.0 74.2 79.5 84.8 90.1 95.3 100.5 106.0 111.3 116.3 121.5 126.7 131.7 136.6 141.6 146.6 151.4 156.3 160.9 165.6 170.3 175.0 179.3 183.7 188.0 192.3 196.7 200.5 204.3 208.6 212.5 216.1 219.9 223.8 227.6 231.2 235.2 238.9 62.0 1782168460.666862
247.0 254.4 260.7 267.0 272.2 277.4 282.4 287.0 290.7 294.0 297.0 299.6 301.9 304.0 306.0 307.8 309.5 311.2 312.9 314.4 315.5 317.5 318.9 320.5 322.4 324.5 326.7 328.8 331.1 333.9 336.7 339.7 342.8 345.9 349.9 354.2 358.2 362.5 367.0 371.5 376.3 380.9 385.6 390.5 395.2 400.1 404.9 410.0 414.9 419.9 33.0 33.1 33.0 32.9 35.3 37.9 41.0 45.0 49.7 54.6 59.7 64.8 70.1 75.5 80.9 86.4 92.0 97.6 103.1 108.7 114.5 119.9 125.6 131.2 136.7 142.1 147.4 152.8 158.1 163.2 168.3 173.3 178.3 183.2 187.9 192.3 196.9 201.4 205.7 209.7 213.3 217.2 221.0 224.2 228.0 231.2 234.8 237.6 240.7 243.8 63.0 1782168460.682356
247.0 254.5 260.8 267.2 272.5 277.5 282.6 287.2 290.8 293.8 296.4 299.1 301.2 303.1 304.8 306.4 308.3 309.7 311.3 312.6 313.5 315.1 316.7 317.6 318.8 320.7 322.1 324.1 325.9 327.8 330.3 332.7 335.0 338.0 341.6 344.9 349.1 353.2 357.7 362.2 366.9 371.6 376.4 381.2 386.2 391.0 396.0 401.1 406.1 411.2 33.0 33.0 33.0 32.9 35.4 38.5 41.5 45.9 50.7 55.7 61.0 66.2 71.6 77.2 82.8 88.4 94.0 99.7 105.4 111.2 117.1 122.8 128.5 134.4 140.2 145.8 151.5 157.0 162.5 168.1 173.4 178.7 184.1 189.1 194.0 198.9 203.5 208.1 212.6 216.8 220.7 224.5 228.4 231.9 235.3 238.8 241.9 245.0 248.2 251.2 64.0 1782168460.703078
247.0 254.4 260.6 266.9 272.0 277.2 282.0 286.2 289.5 292.3 294.9 296.7 298.6 300.5 301.8 302.9 304.3 306.0 307.0 308.1 308.6 310.3 311.4 312.4 313.3 314.7 316.5 317.6 319.0 320.8 322.8 324.5 326.3 328.7 331.5 334.2 337.1 340.3 344.0 347.7 351.7 355.6 359.6 364.1 368.0 372.4 377.2 381.8 386.3 391.0 33.0 33.0 33.0 32.9 35.8 38.3 41.7 46.3 51.1 56.2 61.4 66.9 72.3 77.8 83.5 89.3 94.9 100.5 106.3 112.1 118.1 123.6 129.4 135.3 141.1 146.8 152.3 158.1 163.7 169.2 174.6 180.1 185.7 190.9 196.0 201.1 206.2 211.1 215.8 220.4 224.9 229.4 233.9 238.1 242.6 246.9 250.4 254.5 258.7 262.2 65.0 1782168460.723683
247.0 254.5 260.9 267.3 272.3 277.4 281.9 285.8 288.5 290.9 292.7 294.5 296.6 297.7 298.8 299.8 300.9 301.6 302.2 303.2 304.1 305.3 306.3 307.6 308.9 310.2 311.8 313.1 315.0 316.2 318.1 320.1 322.1 324.1 326.1 328.4 330.7 333.6 336.0 338.5 341.1 344.0 347.0 349.6 352.1 355.2 358.3 361.0 363.9 366.2 33.0 33.0 33.0 32.9 36.2 39.1 43.5 48.3 53.5 58.9 64.4 70.1 75.6 81.4 87.4 93.3 99.2 105.3 111.4 117.3 123.3 129.1 135.1 140.9 146.7 152.5 158.2 164.0 169.6 175.4 181.0 186.5 192.0 197.6 203.1 208.5 213.9 219.1 224.4 229.7 235.0 240.1 245.2 250.4 255.7 260.8 265.7 270.9 276.0 281.2 66.0 1782168460.739044
247.0 254.4 260.6 266.8 271.8 276.6 281.0 284.4 286.5 288.6 290.6 291.9 293.1 294.4 295.4 295.9 297.0 297.9 298.9 299.8 300.1 301.8 302.9 303.8 305.0 306.5 308.0 309.7 311.0 312.8 314.0 316.0 317.1 318.8 320.3 321.7 323.2 325.1 326.8 328.3 329.6 330.9 332.6 333.1 334.6 336.4 337.3 338.6 340.0 341.2 33.0 33.0 33.0 33.0 35.9 39.4 43.7 48.5 53.9 59.2 64.6 70.3 76.0 81.7 87.5 93.5 99.2 105.1 110.9 116.7 122.8 128.3 134.1 139.9 145.6 151.2 156.8 162.3 168.0 173.5 179.2 184.6 190.3 195.8 201.4 207.1 212.6 218.1 223.6 229.2 234.8 240.5 246.0 252.0 257.6 263.1 268.9 274.5 280.2 285.9 67.0 1782168460.764931
247.0 254.0 260.2 266.3 271.5 276.1 279.9 283.2 285.4 287.3 289.0 290.4 291.5 292.5 293.5 294.4 295.4 296.1 296.9 297.6 298.4 299.6 300.6 301.5 302.7 303.8 305.1 306.5 307.0 308.1 309.2 309.6 309.8 310.2 310.5 310.7 311.0 311.4 311.1 311.3 310.7 311.0 310.6 309.8 309.3 308.9 308.3 307.7 307.2 306.6 33.0 33.0 33.0 33.0 35.5 39.0 43.7 48.4 53.7 59.1 64.5 70.1 75.8 81.5 87.3 93.1 98.8 104.7 110.5 116.4 122.2 127.9 133.6 139.4 145.1 150.8 156.4 162.0 168.0 173.6 179.3 185.3 191.4 197.4 203.5 209.5 215.5 221.5 227.3 233.3 239.0 245.0 250.7 256.5 262.2 267.9 273.6 279.3 285.1 290.8 68.0 1782168460.785641
247.0 254.3 260.5 266.7 271.7 276.4 280.9 284.4 286.8 288.9 290.7 292.5 293.5 294.9 295.5 296.5 297.4 297.6 297.8 297.9 298.1 299.1 299.3 299.5 299.7 299.9 300.2 300.5 299.8 300.0 299.4 298.8 298.8 298.1 297.3 296.2 295.6 294.5 293.4 292.5 291.0 290.0 288.4 286.8 285.1 284.0 282.4 280.9 279.5 278.1 33.0 33.0 33.0 33.0 35.7 39.3 43.2 47.9 53.1 58.4 63.8 69.3 75.0 80.7 86.6 92.3 98.2 104.2 110.3 116.5 122.6 128.3 134.4 140.5 146.6 152.7 158.8 164.8 170.7 176.7 182.5 188.3 194.5 200.3 206.1 211.8 217.7 223.3 229.0 234.7 240.3 246.0 251.5 256.9 262.4 268.0 273.5 279.0 284.6 290.2 69.0 1782168460.801080
247.0 254.4 260.7 267.0 272.1 277.0 281.7 285.4 288.3 290.8 292.6 294.6 295.5 296.5 297.5 297.7 297.9 297.9 298.0 298.0 297.2 297.4 297.4 296.7 295.9 295.1 294.4 293.7 292.6 291.2 289.5 288.4 286.9 285.3 284.2 282.4 281.3 279.7 277.9 276.4 274.3 272.7 270.6 268.8 267.1 265.0 263.4 261.2 259.6 258.0 33.0 33.0 33.0 33.0 35.9 39.3 43.0 47.7 52.8 58.1 63.6 69.1 75.0 80.8 86.7 92.9 99.1 105.4 111.7 117.9 123.9 130.1 136.3 142.3 148.2 154.1 160.1 166.0 171.8 177.5 183.0 188.9 194.5 200.1 205.9 211.5 217.3 222.9 228.4 234.1 239.5 245.1 250.5 256.0 261.6 267.0 272.6 278.0 283.6 289.2 70.0 1782168460.821580
247.0 254.5 260.8 267.1 272.2 277.4 282.2 286.0 289.0 291.7 293.8 294.8 296.2 296.9 297.1 297.1 297.2 296.8 296.1 295.2 293.8 293.0 292.2 290.5 289.5 288.0 286.1 285.0 282.9 280.8 278.8 276.5 274.2 272.3 270.0 267.8 265.6 263.5 261.2 259.0 256.5 254.4 252.2 250.0 247.8 246.0 243.9 242.1 240.7 238.8 33.0 33.0 33.0 33.0 35.9 38.6 42.4 47.1 52.2 57.4 62.9 68.7 74.5 80.5 86.8 93.1 99.4 105.5 111.5 117.5 123.2 129.2 135.1 140.7 146.6 152.3 157.8 163.7 169.1 174.6 180.0 185.4 190.8 196.3 201.7 207.1 212.5 217.9 223.3 228.7 233.9 239.4 244.8 250.2 255.6 261.2 266.6 272.2 277.9 283.5 71.0 1782168460.842236
247.0 254.5 260.7 267.0 272.1 277.4 281.9 285.9 288.6 291.2 292.3 294.2 294.4 295.4 294.7 294.6 293.8 293.5 292.0 291.1 289.2 287.6 286.5 284.5 282.7 280.8 278.2 276.2 273.7 271.3 268.5 265.6 262.9 260.2 257.3 254.9 252.0 249.8 246.9 244.5 241.8 238.9 236.5 234.0 231.4 229.1 226.5 224.1 222.0 219.8 33.0 33.0 33.0 33.0 35.9 38.4 42.7 47.3 52.5 57.7 63.5 69.0 75.2 81.1 87.0 93.3 99.2 105.4 111.0 116.9 122.5 128.1 133.9 139.4 144.9 150.4 155.6 161.0 166.3 171.6 176.7 181.8 186.9 192.1 197.2 202.5 207.6 212.9 218.0 223.3 228.5 233.6 238.8 244.1 249.3 254.6 259.8 265.1 270.5 275.9 72.0 1782168460.857630
247.0 254.1 260.4 266.7 271.8 276.9 281.3 285.4 287.6 289.5 291.3 292.5 292.5 292.7 291.7 290.9 289.9 289.1 287.4 285.4 283.7 282.0 280.0 277.8 275.7 273.7 271.0 268.8 266.2 263.4 260.8 257.3 254.4 251.4 248.4 245.6 243.0 239.7 236.7 233.8 230.9 227.9 224.9 222.0 218.9 216.1 212.6 209.7 206.9 203.9 33.0 33.0 33.0 33.0 35.8 38.7 43.1 47.8 53.1 58.6 64.2 70.0 76.2 82.4 88.3 94.3 100.1 106.1 111.7 117.2 122.7 128.3 133.7 139.1 144.6 150.0 155.2 160.6 165.8 170.9 176.1 180.9 186.0 191.0 196.1 201.2 206.5 211.3 216.4 221.5 226.6 231.6 236.7 241.7 246.8 251.8 256.7 261.8 266.9 272.0 73.0 1782168460.878136
247.0 254.3 260.6 266.8 271.8 276.6 281.0 284.2 285.5 287.0 287.8 288.1 287.3 286.7 285.5 284.6 282.7 281.5 280.0 277.9 275.8 274.0 271.9 269.8 267.7 265.5 263.1 260.9 258.2 255.6 252.7 249.6 246.6 243.7 240.2 237.2 233.7 230.7 227.8 224.2 220.7 217.2 213.6 210.1 206.5 203.0 199.4 195.8 192.3 188.8 33.0 33.0 33.0 32.9 35.8 39.3 43.7 48.7 54.3 59.9 65.8 71.9 77.8 83.7 89.5 95.3 100.8 106.5 112.1 117.4 122.8 128.3 133.6 139.0 144.3 149.6 154.9 160.2 165.3 170.4 175.4 180.4 185.3 190.4 195.1 200.2 204.9 209.9 214.9 219.7 224.4 229.2 233.9 238.7 243.4 248.2 252.9 257.7 262.4 267.2 74.0 1782168460.898989
247.0 254.0 260.2 266.4 271.0 275.7 279.5 282.0 283.6 283.8 284.0 283.2 282.2 281.3 279.6 278.1 276.4 274.7 272.8 270.8 268.7 266.6 264.5 262.4 260.2 257.8 255.5 253.0 250.8 248.1 245.2 242.2 239.2 236.2 233.1 229.8 226.5 222.9 219.5 215.9 212.0 207.9 204.3 200.1 195.9 191.6 187.4 183.8 179.6 175.4 33.0 33.1 33.0 33.0 35.8 39.4 44.1 49.2 54.8 60.9 67.0 72.9 78.7 84.5 90.0 95.5 101.0 106.5 112.0 117.3 122.7 128.0 133.3 138.6 144.0 149.2 154.4 159.6 164.9 169.9 174.9 179.9 184.8 189.8 194.8 199.6 204.4 209.1 213.9 218.6 223.2 227.7 232.4 236.9 241.3 245.8 250.2 254.9 259.4 263.8 75.0 1782168460.914393
247.0 253.9 260.1 266.2 271.2 275.6 279.1 281.0 282.3 282.1 281.6 280.1 278.8 277.7 275.9 273.9 272.1 270.1 268.1 266.0 263.4 261.6 259.2 256.7 254.5 252.0 249.8 247.3 245.3 242.3 239.4 236.5 233.5 230.6 227.6 223.9 220.5 217.2 213.7 210.0 206.4 202.0 198.4 194.0 189.7 185.3 181.6 177.3 173.0 168.7 33.0 33.1 33.0 33.2 36.0 40.3 45.0 50.4 56.1 62.1 68.1 73.6 79.3 85.0 90.4 95.8 101.2 106.6 111.9 117.2 122.3 127.8 133.0 138.1 143.4 148.5 153.8 158.9 164.3 169.2 174.2 179.2 184.1 189.1 194.1 198.7 203.5 208.3 213.0 217.7 222.4 226.7 231.4 235.8 240.2 244.5 249.2 253.6 258.0 262.4 76.0 1782168460.934846
247.0 254.0 260.3 266.6 271.0 275.8 278.9 280.5 281.3 281.2 280.4 278.4 276.8 275.3 273.5 270.9 268.5 266.4 263.9 261.3 258.8 256.3 253.7 251.2 248.6 246.1 243.2 240.6 238.1 235.1 232.1 229.0 226.1 223.0 220.0 216.2 212.9 209.4 206.4 202.6 198.9 195.1 191.4 187.6 183.1 179.2 175.5 171.4 167.5 163.3 33.0 33.1 33.0 33.0 36.1 39.9 44.9 50.4 56.4 62.7 68.6 74.0 79.6 85.3 90.8 96.0 101.3 106.6 111.9 117.1 122.3 127.5 132.7 137.9 143.1 148.4 153.4 158.6 163.8 168.9 173.9 178.9 183.9 188.9 193.9 198.7 203.5 208.4 213.4 218.1 222.8 227.5 232.2 236.9 241.3 246.0 250.7 255.3 259.9 264.5 77.0 1782168460.955436
247.0 254.0 260.3 266.6 271.4 276.0 279.1 280.8 281.6 281.6 280.6 278.7 276.9 275.2 273.2 270.5 267.9 265.6 263.0 260.2 257.4 254.9 252.4 249.6 246.7 244.0 241.0 238.2 235.6 232.6 229.5 226.4 223.1 220.0 216.7 213.3 210.0 206.5 203.7 200.0 196.7 192.9 189.2 185.7 181.6 178.5 174.8 171.2 167.4 164.2 33.0 33.1 33.0 33.0 35.9 40.1 45.0 50.6 56.5 62.8 68.7 74.2 79.7 85.2 90.7 95.8 101.1 106.4 111.6 116.7 121.8 127.1 132.3 137.4 142.5 147.6 152.7 157.8 163.0 168.0 173.0 178.0 182.9 187.9 192.8 197.7 202.6 207.4 212.6 217.3 222.2 226.9 231.7 236.5 241.1 246.1 250.8 255.6 260.3 265.2 78.0 1782168460.971363
247.0 254.2 260.5 266.7 271.7 276.2 279.7 281.5 282.4 282.4 281.5 279.9 278.1 276.1 274.1 271.4 268.8 266.1 263.6 260.1 257.1 254.3 251.1 248.2 245.2 242.0 238.9 235.7 232.6 229.4 226.1 222.9 219.4 216.2 212.8 209.6 206.8 203.6 200.8 197.4 194.5 191.2 188.3 185.0 181.8 178.9 175.8 172.9 169.8 166.8 33.0 33.0 33.0 33.4 36.0 40.3 45.1 50.7 56.6 62.9 68.8 74.4 79.9 85.4 90.8 96.0 101.2 106.4 111.6 116.5 121.5 126.6 131.6 136.6 141.7 146.6 151.6 156.6 161.6 166.5 171.4 176.4 181.2 186.2 191.1 196.0 201.1 206.1 211.2 216.1 221.2 226.1 231.1 236.1 241.0 246.1 251.1 256.2 261.1 266.2 79.0 1782168460.991750
247.0 254.1 260.4 266.6 271.7 276.3 280.3 282.4 283.3 283.9 283.5 282.0 280.5 278.4 276.3 273.6 271.0 268.5 265.3 262.2 258.8 256.0 252.3 249.2 245.9 242.8 239.3 235.8 232.3 229.1 225.7 222.1 218.5 215.4 212.2 209.2 206.3 203.3 200.7 197.8 195.0 192.4 189.7 187.1 184.4 182.0 179.5 177.1 174.8 172.3 33.0 33.1 33.0 33.1 35.8 39.7 44.4 49.8 55.6 61.7 67.7 73.4 79.0 84.4 89.8 95.0 100.2 105.4 110.3 115.3 120.2 125.2 130.0 135.0 139.9 144.9 149.7 154.5 159.3 164.3 169.1 173.9 178.7 183.7 188.6 193.6 198.7 203.7 208.9 213.9 219.1 224.2 229.4 234.6 239.7 245.0 250.2 255.5 260.8 266.1 80.0 1782168461.012262
247.0 254.3 260.6 266.9 271.9 276.6 280.9 283.4 284.3 285.2 285.0 283.8 282.5 280.6 278.6 275.7 273.5 270.6 267.6 264.6 261.4 258.0 254.8 251.5 248.1 245.1 241.4 237.8 234.6 231.0 227.9 224.1 220.9 217.9 214.5 211.5 208.7 206.1 203.4 200.7 198.0 195.4 193.0 190.4 187.8 185.7 183.2 181.2 179.2 177.0 33.0 33.0 33.0 33.1 36.0 39.8 44.3 49.6 55.4 61.4 67.6 73.3 79.1 84.6 90.0 95.1 100.5 105.6 110.6 115.7 120.6 125.5 130.4 135.4 140.2 145.3 150.0 154.8 159.8 164.6 169.6 174.3 179.2 184.3 189.2 194.2 199.3 204.5 209.7 214.8 220.0 225.2 230.5 235.7 240.9 246.3 251.6 257.0 262.5 267.9 81.0 1782168461.027785
247.0 254.1 260.4 266.7 271.9 276.6 281.1 283.8 285.0 286.4 286.6 285.5 284.5 283.4 281.3 279.1 276.5 274.2 271.6 268.5 265.5 262.8 259.7 256.1 253.6 250.0 246.8 243.7 240.5 236.8 233.9 230.6 227.3 224.6 221.2 218.3 215.3 212.4 209.6 206.9 204.4 201.7 198.7 196.3 193.6 191.5 188.8 186.4 183.9 181.8 33.0 33.0 33.0 33.0 35.8 39.6 44.1 49.3 55.1 60.8 67.0 72.9 78.7 84.6 90.0 95.4 100.7 106.0 111.2 116.3 121.3 126.5 131.5 136.4 141.6 146.5 151.4 156.5 161.4 166.2 171.3 176.3 181.2 186.4 191.3 196.4 201.5 206.5 211.7 216.9 222.2 227.3 232.4 237.7 242.9 248.4 253.5 258.8 264.1 269.6 82.0 1782168461.048391
247.0 254.0 260.3 266.6 271.7 276.4 280.9 283.3 285.0 286.1 286.1 285.9 285.5 284.6 283.0 281.5 279.3 277.3 275.4 273.0 270.4 268.5 266.1 263.7 261.1 258.3 255.6 252.8 250.2 247.4 244.3 241.3 238.2 235.3 232.4 229.3 226.5 223.5 220.3 217.4 214.0 211.2 207.7 204.6 201.9 198.8 195.9 192.6 190.1 186.8 33.0 33.0 33.0 33.0 35.7 39.4 43.9 49.1 54.7 60.5 66.7 72.9 79.0 84.9 90.5 96.1 101.5 106.9 112.4 117.7 122.9 128.4 133.6 138.9 144.1 149.2 154.3 159.4 164.6 169.7 174.7 179.7 184.7 189.8 194.9 199.8 204.9 209.9 214.9 219.9 224.8 229.9 234.8 239.7 244.9 249.9 254.9 259.8 265.0 269.9 83.0 1782168461.068986
247.0 254.0 260.2 266.4 271.6 276.0 280.4 282.7 284.2 285.2 286.0 285.9 285.3 284.9 283.7 282.6 281.4 280.2 279.0 277.9 275.7 274.5 273.2 271.3 269.9 267.6 265.7 263.9 261.6 259.3 256.7 253.9 251.3 248.7 245.7 242.7 239.7 236.5 233.5 230.0 226.8 223.4 219.7 215.7 212.4 209.2 205.7 202.1 198.6 194.9 33.0 33.0 33.0 33.0 35.6 39.8 44.2 49.5 55.1 60.9 66.8 73.0 78.9 85.0 90.7 96.5 102.2 107.9 113.6 119.4 124.7 130.4 136.1 141.5 147.2 152.4 157.9 163.3 168.6 173.9 179.0 184.1 189.2 194.3 199.3 204.3 209.3 214.2 219.2 223.9 228.8 233.6 238.3 242.9 247.7 252.6 257.4 262.1 266.9 271.6 84.0 1782168461.089503
247.0 253.9 260.1 266.3 270.8 275.5 279.7 282.3 284.1 285.0 286.0 286.0 285.9 285.8 285.7 284.5 284.3 283.3 283.0 282.0 280.8 279.7 279.5 278.2 277.3 276.1 274.7 273.6 272.2 270.3 268.3 266.0 263.9 261.7 258.9 256.4 253.6 251.1 248.1 244.6 241.3 238.0 234.2 230.3 226.4 222.9 219.3 215.5 211.4 207.8 33.0 33.0 33.0 33.0 35.7 39.5 43.9 49.0 54.4 60.2 65.9 72.1 78.2 84.4 90.5 96.2 102.3 108.0 114.1 119.9 125.5 131.3 137.3 143.0 148.8 154.4 160.0 165.8 171.4 176.7 182.1 187.3 192.6 197.9 202.9 208.0 213.1 218.2 223.1 227.8 232.7 237.4 242.0 246.6 251.1 255.9 260.6 265.2 269.7 274.3 85.0 1782168461.104997
247.0 253.9 260.1 266.3 271.3 276.0 280.3 283.2 284.9 286.1 287.6 287.6 287.6 287.6 287.5 287.3 286.5 286.3 286.3 285.2 284.6 284.0 283.9 283.3 282.7 281.5 281.1 280.4 279.3 278.1 276.2 274.4 272.7 270.7 268.5 266.4 264.1 261.4 258.9 256.1 252.8 249.8 246.2 243.1 239.3 235.6 232.0 228.7 225.2 221.6 33.0 33.0 33.0 33.0 35.5 39.1 43.5 48.4 53.9 59.6 65.1 71.3 77.4 83.6 89.7 95.8 101.6 107.7 113.8 119.6 125.5 131.4 137.5 143.4 149.3 155.0 161.0 166.9 172.6 178.2 183.6 189.0 194.5 199.8 205.1 210.4 215.6 220.6 225.7 230.8 235.6 240.5 245.2 250.0 254.6 259.2 263.9 268.7 273.4 278.1 86.0 1782168461.125520
247.0 254.0 260.2 266.4 271.5 276.3 280.9 284.4 286.6 288.5 290.1 291.1 291.9 291.9 291.9 292.0 292.5 291.6 291.6 291.2 290.5 289.8 289.6 289.5 288.5 288.3 287.4 286.5 286.3 285.3 284.1 282.5 280.9 279.8 278.1 276.6 274.7 272.9 271.0 268.8 266.5 263.8 261.4 259.0 256.6 253.7 251.3 248.9 246.4 243.5 33.0 33.1 33.0 33.0 35.7 39.0 43.1 47.9 53.1 58.6 64.2 69.9 75.8 82.1 88.3 94.4 100.3 106.1 112.4 118.4 124.3 130.2 136.4 142.6 148.4 154.5 160.4 166.2 172.3 178.1 183.9 189.4 195.0 200.7 206.2 211.8 217.3 222.7 228.2 233.5 238.8 243.9 249.1 254.3 259.6 264.6 269.8 275.0 280.2 285.2 87.0 1782168461.140916
247.0 254.2 260.4 266.5 271.5 276.5 281.0 284.7 287.4 289.5 291.6 293.1 294.4 295.1 296.0 296.0 297.0 296.7 296.7 296.7 296.5 295.5 295.5 294.6 294.5 294.5 293.3 292.5 291.6 290.7 289.7 288.5 287.4 286.4 285.3 284.4 282.9 281.7 280.5 279.4 278.5 277.6 276.1 274.2 272.8 271.5 270.3 269.1 268.3 267.1 33.0 33.0 33.0 33.0 35.7 38.6 42.4 47.0 52.0 57.3 62.5 68.0 73.6 79.5 85.3 91.4 97.1 103.2 109.3 115.4 121.5 127.3 133.4 139.2 145.3 151.4 157.0 162.9 168.6 174.4 180.1 185.8 191.4 197.2 202.9 208.6 214.2 219.8 225.5 231.1 236.9 242.7 248.2 253.5 259.1 264.7 270.3 276.0 281.8 287.4 88.0 1782168461.156525
247.0 254.2 260.3 266.4 271.4 276.3 280.9 284.5 287.7 289.8 292.0 293.9 295.1 296.6 297.5 298.4 299.4 299.4 300.1 300.1 300.1 299.9 299.9 299.7 299.7 298.9 298.6 297.8 297.6 296.5 295.4 294.5 293.5 293.2 292.3 291.8 291.0 290.8 290.5 289.7 289.3 289.1 289.3 289.2 289.0 289.5 289.3 289.0 289.6 289.4 33.0 33.0 33.0 33.0 35.5 38.3 42.0 46.5 51.3 56.5 61.6 66.9 72.5 78.0 83.6 89.4 95.0 101.1 106.8 112.9 119.0 124.9 131.0 137.0 143.1 148.8 154.8 160.5 166.5 172.1 177.8 183.4 189.1 195.0 200.8 206.6 212.4 218.3 224.3 230.1 236.0 242.0 247.7 253.5 259.5 265.1 271.1 277.0 282.7 288.7 89.0 1782168461.182112
247.0 254.4 260.6 266.8 271.8 276.8 281.4 285.2 288.2 290.7 292.8 294.7 295.8 297.7 298.8 299.5 300.1 300.7 301.7 301.6 301.6 302.5 302.4 303.2 303.2 303.8 303.7 304.3 304.3 304.6 304.7 305.3 305.1 305.8 305.6 306.3 307.0 307.7 308.6 309.9 310.6 311.5 312.8 313.9 314.7 316.0 317.1 318.4 319.9 321.1 33.0 33.0 33.0 33.0 35.9 38.8 42.5 47.1 52.1 57.2 62.6 68.0 73.7 79.1 84.9 90.8 96.8 102.7 108.5 114.7 120.9 126.7 133.0 138.8 145.0 150.8 157.0 162.8 169.0 174.9 180.9 186.7 192.8 198.7 204.8 210.6 216.4 222.3 228.1 233.6 239.4 245.2 250.9 256.6 262.4 268.0 273.7 279.3 284.9 290.5 90.0 1782168461.202693
247.0 254.5 260.8 267.1 272.1 277.1 281.8 285.1 287.9 290.1 291.6 293.3 294.8 296.3 297.4 298.3 299.3 300.2 300.9 301.1 302.5 303.7 304.5 305.5 306.2 307.5 308.7 309.8 311.3 312.9 314.3 315.4 317.0 318.8 320.4 321.7 323.3 324.8 326.8 328.5 330.5 332.0 333.8 335.6 337.1 338.4 340.2 342.1 343.9 345.0 33.0 33.0 33.0 32.9 36.2 39.5 43.5 48.4 53.6 59.0 64.7 70.3 76.0 81.7 87.6 93.5 99.4 105.4 111.4 117.6 123.4 129.2 135.1 141.1 147.1 152.8 158.6 164.5 170.2 175.8 181.5 187.3 192.9 198.5 204.1 209.9 215.5 221.2 226.7 232.3 237.7 243.4 249.0 254.5 260.2 266.0 271.6 277.1 282.6 288.5 91.0 1782168461.218344
247.0 254.3 260.7 267.1 272.2 277.1 281.7 284.8 287.2 289.2 290.4 292.3 293.3 295.2 295.9 297.3 298.6 300.0 300.9 301.8 303.7 305.6 306.8 308.4 310.4 312.5 314.6 316.5 319.1 321.1 323.2 325.4 327.0 329.5 331.6 334.0 336.2 338.3 340.5 342.5 345.2 347.0 349.1 351.2 353.4 355.6 357.6 359.7 362.0 364.2 33.0 33.0 33.0 32.9 36.2 40.0 44.4 49.5 55.0 60.6 66.5 72.2 78.2 83.8 89.9 95.8 101.7 107.5 113.6 119.6 125.3 130.9 136.9 142.6 148.2 153.7 159.3 164.9 170.3 175.9 181.4 187.0 192.7 198.1 203.6 209.1 214.6 220.1 225.6 231.2 236.5 242.2 247.8 253.3 258.8 264.4 269.9 275.5 281.0 286.5 92.0 1782168461.238817
247.0 254.5 260.8 267.2 272.2 277.0 281.5 285.2 287.5 289.7 290.9 292.8 294.5 296.2 297.6 298.8 300.5 302.4 304.0 305.1 307.1 309.1 311.6 313.6 315.7 318.3 320.7 323.3 325.9 328.3 331.0 333.8 336.2 338.5 341.3 343.8 346.7 349.6 352.1 354.7 357.7 360.0 362.9 365.4 368.3 371.2 373.7 376.6 379.5 382.4 33.0 33.0 33.0 33.0 36.2 40.0 44.4 49.3 54.6 60.1 65.9 71.5 77.1 82.8 88.6 94.4 100.1 105.6 111.3 117.2 122.7 128.3 133.6 139.1 144.6 149.8 155.2 160.5 165.8 171.1 176.4 181.5 186.9 192.3 197.5 202.8 207.9 213.1 218.4 223.7 228.8 234.2 239.3 244.6 249.8 255.0 260.3 265.4 270.6 275.7 93.0 1782168461.259476
247.0 254.1 260.4 266.6 271.8 276.7 281.7 285.9 288.8 291.7 294.4 296.9 298.9 301.0 302.7 304.6 306.4 308.5 310.4 311.9 313.4 315.5 317.7 319.5 321.7 324.0 326.5 328.7 331.4 333.9 336.8 339.8 342.0 344.9 347.9 351.2 354.1 357.3 360.9 363.8 367.3 370.4 373.7 377.0 380.1 383.8 386.8 390.1 393.7 397.3 33.0 33.0 33.0 33.0 35.8 38.9 42.2 46.7 51.8 56.9 62.0 67.2 72.7 78.1 83.7 89.2 94.6 100.1 105.6 111.2 116.8 122.3 127.6 133.1 138.5 143.8 149.0 154.4 159.5 164.8 169.8 174.9 180.2 185.3 190.3 195.3 200.3 205.3 210.0 215.1 219.9 224.9 229.8 234.7 239.7 244.5 249.5 254.4 259.2 263.9 94.0 1782168461.280070
247.0 254.3 260.5 266.7 272.0 277.2 282.2 286.8 290.9 294.4 297.9 300.7 303.5 305.9 308.4 310.7 313.2 315.3 317.3 319.2 321.1 323.2 325.4 327.1 329.3 331.4 334.1 336.2 338.5 341.1 343.7 346.3 348.8 351.4 354.4 357.4 360.7 364.2 367.5 371.2 375.0 378.7 382.3 386.4 390.1 393.7 397.8 402.1 405.6 409.9 33.0 33.0 33.0 33.0 35.2 37.6 40.7 44.5 49.1 53.8 58.6 63.6 68.7 73.9 79.1 84.3 89.5 94.8 100.2 105.6 111.0 116.4 121.7 127.2 132.5 137.8 142.9 148.3 153.5 158.7 163.8 168.9 174.1 179.2 184.2 189.2 194.0 198.8 203.6 208.3 212.9 217.6 222.3 226.8 231.5 236.2 240.8 245.2 249.9 254.4 95.0 1782168461.300646
247.0 254.4 260.7 266.9 272.2 277.5 282.8 287.5 292.1 296.3 300.0 303.5 307.1 310.1 312.9 315.9 318.6 321.0 323.5 326.0 328.1 330.6 333.1 335.1 337.7 340.2 342.8 344.9 347.6 350.1 352.7 355.4 357.8 360.6 363.6 366.6 369.7 372.9 376.5 380.2 384.0 387.6 392.0 395.7 400.1 404.3 408.7 413.1 417.6 422.0 33.0 33.0 33.0 33.0 35.3 37.6 40.0 43.8 47.7 52.2 57.0 61.7 66.5 71.6 76.6 81.7 86.8 92.1 97.3 102.5 107.9 113.2 118.4 123.8 129.0 134.2 139.4 144.8 149.9 155.1 160.3 165.5 170.7 175.8 180.8 185.8 190.8 195.8 200.5 205.2 210.0 214.7 219.2 223.9 228.3 232.8 237.2 241.8 245.6 250.1 96.0 1782168461.316091
247.0 254.4 260.7 267.0 272.3 277.6 282.9 287.8 292.3 296.7 301.0 304.6 308.3 312.0 314.9 318.3 321.5 324.1 327.0 329.6 332.4 335.3 337.8 340.7 343.4 346.2 348.8 351.3 353.9 356.5 359.1 362.1 364.6 367.3 370.5 373.5 376.5 380.1 383.8 387.2 391.1 394.4 398.4 402.3 406.5 410.2 414.0 418.5 422.9 426.8 33.0 33.0 33.0 33.0 35.3 37.6 39.8 43.3 47.4 51.9 56.4 61.1 65.9 70.6 75.6 80.5 85.4 90.6 95.7 100.9 105.9 111.0 116.3 121.3 126.5 131.6 136.8 142.0 147.2 152.4 157.5 162.6 167.8 173.0 177.9 182.9 187.9 192.7 197.4 202.3 206.9 211.8 216.4 221.1 225.6 230.3 235.0 239.4 243.7 248.4 97.0 1782168461.336808
247.0 254.4 260.6 266.9 272.1 277.5 282.7 287.5 292.1 296.5 300.4 304.6 308.2 311.9 315.5 318.5 322.1 325.0 328.6 331.5 334.4 338.0 340.8 344.4 347.3 350.8 353.8 357.2 360.4 363.2 366.4 369.4 372.3 375.3 378.9 381.8 384.9 388.0 391.6 394.6 398.2 401.3 404.4 407.6 410.4 413.5 417.1 420.4 423.8 427.0 33.0 33.0 33.0 32.9 35.2 37.4 39.7 43.3 47.1 51.5 56.2 60.7 65.4 70.1 74.8 79.8 84.5 89.5 94.3 99.3 104.3 109.1 114.1 118.8 123.9 128.6 133.6 138.5 143.4 148.4 153.3 158.3 163.3 168.3 173.1 178.1 183.0 187.9 192.7 197.7 202.4 207.4 212.3 217.2 222.2 227.2 231.9 236.8 241.6 246.5 98.0 1782168461.357321
247.0 254.4 260.6 266.9 272.1 277.3 282.5 287.2 291.6 296.1 299.8 303.6 307.4 310.9 314.7 318.0 321.8 325.0 328.3 331.7 335.1 338.8 342.2 346.3 350.2 353.9 357.3 361.3 364.9 368.2 371.7 375.2 378.6 381.6 385.0 388.3 391.3 394.3 397.4 400.2 403.1 405.8 408.6 411.1 413.8 416.3 418.9 421.4 424.0 426.3 33.0 33.1 33.0 32.9 35.2 37.7 40.1 43.7 48.0 52.4 57.0 61.7 66.3 71.0 75.7 80.5 85.2 90.1 94.9 99.7 104.5 109.2 114.0 118.5 123.1 127.8 132.6 137.1 141.9 146.7 151.4 156.2 161.0 166.0 170.8 175.7 180.6 185.6 190.5 195.6 200.6 205.6 210.7 215.9 221.0 226.1 231.3 236.4 241.6 246.8 99.0 1782168461.377908
247.0 254.4 260.6 266.8 272.1 277.2 282.5 287.3 291.7 295.8 299.6 303.4 307.2 310.7 314.4 317.9 321.6 324.9 328.4 331.7 335.4 338.9 342.6 346.9 350.9 354.6 358.4 362.6 366.2 369.9 373.5 377.0 380.3 383.5 386.7 390.0 393.0 396.0 399.1 401.9 404.5 407.0 409.7 411.9 414.5 416.9 419.3 421.6 424.0 426.2 33.0 33.1 33.0 32.9 35.2 37.8 40.1 43.6 47.9 52.4 57.1 61.7 66.3 71.1 75.8 80.5 85.2 90.0 94.8 99.7 104.3 109.1 113.8 118.2 122.8 127.4 132.1 136.6 141.3 146.0 150.7 155.5 160.3 165.2 170.1 174.9 179.9 184.8 189.8 194.9 200.0 205.2 210.2 215.6 220.7 225.9 231.1 236.4 241.6 246.9 100.0 1782168461.398483
247.0 254.4 260.7 267.0 272.3 277.6 282.9 287.8 292.2 296.5 300.6 304.4 308.2 311.8 315.6 319.2 322.8 326.2 329.7 332.9 336.6 340.3 343.7 347.8 351.7 355.7 359.3 363.3 366.8 370.6 374.2 377.6 381.1 384.3 387.4 390.6 393.7 397.0 399.8 402.7 405.3 407.9 410.5 412.9 415.7 418.0 420.6 423.0 425.5 427.1 33.0 33.0 33.0 33.0 35.3 37.8 40.0 43.4 47.9 52.3 56.9 61.6 66.3 71.1 75.8 80.6 85.4 90.3 95.1 100.0 104.8 109.5 114.4 119.0 123.6 128.2 133.0 137.6 142.4 147.1 151.9 156.8 161.6 166.6 171.6 176.5 181.5 186.4 191.5 196.6 201.8 207.0 212.2 217.5 222.6 227.9 233.1 238.4 243.6 248.9 101.0 1782168461.419131
247.0 254.4 260.6 266.8 272.1 277.4 282.7 287.6 292.0 296.6 300.9 305.1 308.8 312.4 316.1 319.8 323.4 326.8 329.9 333.2 336.3 339.5 342.6 345.8 349.5 352.7 355.8 358.7 362.2 365.4 368.1 371.2 374.3 377.1 380.1 383.2 386.5 389.7 392.7 396.1 399.0 401.8 405.2 408.5 411.4 414.4 417.7 420.8 423.9 427.0 33.0 33.0 33.0 33.0 35.2 37.5 39.7 42.7 47.1 51.0 55.4 59.9 64.6 69.3 74.0 78.6 83.4 88.2 93.1 97.9 102.8 107.8 112.7 117.5 122.2 127.1 132.0 137.1 141.8 146.7 151.8 156.7 161.6 166.7 171.6 176.6 181.4 186.3 191.3 196.1 201.1 206.1 210.9 215.8 220.8 225.7 230.6 235.5 240.4 245.2 102.0 1782168461.434587
247.0 254.3 260.5 266.7 272.0 277.3 282.6 287.5 291.9 296.5 300.4 304.7 308.4 311.9 315.7 318.8 322.4 325.6 328.7 331.8 334.7 337.7 340.7 343.7 346.6 349.7 352.7 355.0 358.2 361.0 363.6 366.4 369.1 371.7 374.5 377.4 380.5 383.5 386.9 390.1 393.5 396.6 400.0 403.6 407.2 410.8 414.3 418.3 421.7 425.7 33.0 33.0 33.0 33.0 35.2 37.3 39.6 42.5 46.9 50.7 55.2 59.6 64.3 69.0 73.6 78.5 83.2 88.1 92.9 97.9 102.8 107.8 112.7 117.6 122.6 127.6 132.5 137.7 142.6 147.6 152.7 157.7 162.8 167.9 172.9 177.9 182.8 187.7 192.5 197.4 202.1 207.0 211.8 216.5 221.2 225.9 230.6 235.2 239.9 244.4 103.0 1782168461.455245
247.0 254.5 260.7 267.0 272.3 277.7 283.0 287.8 292.2 296.7 300.9 304.4 308.2 311.3 314.3 317.3 320.1 322.8 325.6 328.2 330.6 333.2 336.0 338.7 341.3 344.1 346.7 349.3 352.0 354.7 357.3 359.9 362.6 365.2 368.2 371.2 374.3 377.6 381.0 384.8 388.2 392.0 395.7 399.4 403.1 407.4 411.1 415.5 419.7 423.5 33.0 33.0 33.0 33.0 35.4 37.7 40.0 43.6 48.0 52.4 56.9 61.8 66.5 71.5 76.5 81.5 86.7 91.9 97.0 102.2 107.5 112.7 117.8 123.0 128.2 133.3 138.5 143.7 148.9 154.1 159.3 164.5 169.7 174.9 179.9 184.9 190.0 194.9 199.8 204.5 209.3 214.1 218.8 223.6 228.3 232.8 237.6 242.1 246.6 251.3 104.0 1782168461.475858
247.0 254.4 260.7 267.0 272.3 277.5 282.5 287.2 291.3 294.9 298.5 301.6 304.8 307.5 309.9 312.2 314.8 317.1 319.4 321.7 323.6 326.1 328.4 330.7 333.0 335.6 338.2 340.4 343.1 346.0 348.6 351.2 354.1 357.1 360.4 363.5 366.4 370.1 373.8 377.0 380.5 384.3 387.4 391.2 394.3 398.1 401.5 405.1 409.0 412.7 33.0 33.0 33.0 33.0 35.3 37.9 40.8 44.7 49.3 54.1 58.8 63.8 68.7 73.9 79.2 84.5 89.7 95.0 100.3 105.6 111.1 116.3 121.6 126.9 132.2 137.4 142.6 148.0 153.1 158.2 163.4 168.6 173.6 178.7 183.5 188.5 193.6 198.3 203.1 208.0 212.8 217.5 222.5 227.2 232.1 236.8 241.7 246.5 251.1 255.9 105.0 1782168461.496451
247.0 254.5 260.7 267.0 272.1 277.2 281.9 286.5 289.7 292.8 295.4 297.8 300.2 302.3 303.9 306.2 308.0 310.4 312.1 314.0 315.9 318.5 320.8 322.9 325.4 328.0 330.6 333.6 336.0 339.0 341.9 344.6 347.3 350.3 353.4 356.4 359.4 362.6 365.8 368.8 371.9 375.0 378.1 381.3 384.3 387.5 390.6 393.7 397.0 400.1 33.0 33.0 33.0 33.0 35.8 38.7 42.4 46.7 51.6 56.6 61.8 67.1 72.4 77.8 83.4 88.7 94.2 99.5 105.1 110.6 116.1 121.3 126.6 132.0 137.2 142.5 147.6 152.7 157.9 163.0 168.1 173.2 178.4 183.4 188.4 193.4 198.5 203.4 208.4 213.4 218.4 223.4 228.4 233.3 238.4 243.3 248.3 253.3 258.2 263.2 106.0 1782168461.517049
247.0 254.5 260.9 267.2 272.2 277.1 281.9 285.4 288.3 290.6 292.7 294.5 296.0 298.0 299.1 301.3 302.7 304.4 306.5 307.8 309.6 311.7 313.7 315.8 318.0 320.4 322.9 325.1 327.7 330.2 332.7 335.3 337.6 340.0 342.7 345.5 348.2 350.9 353.7 356.3 359.1 361.5 364.4 367.0 369.7 372.5 374.9 378.0 380.3 383.2 33.0 33.0 33.0 33.0 36.1 39.7 43.5 48.4 53.6 58.9 64.4 70.0 75.7 81.2 87.1 92.5 98.3 103.9 109.4 115.2 120.8 126.3 131.8 137.3 142.7 148.1 153.3 158.8 164.1 169.4 174.7 179.9 185.3 190.7 195.9 201.1 206.3 211.5 216.7 222.0 227.1 232.5 237.6 242.9 248.1 253.3 258.7 263.7 269.1 274.2 107.0 1782168461.537819
247.0 254.5 260.9 267.2 272.2 277.2 281.8 285.5 288.1 290.3 292.2 294.1 296.0 297.6 299.0 300.2 301.5 303.1 304.5 305.6 306.5 307.9 309.9 311.1 312.9 314.7 316.6 318.6 320.7 322.8 324.8 327.1 329.2 331.2 333.2 335.5 338.2 340.5 342.8 345.0 347.3 349.7 352.3 354.3 357.0 359.3 361.4 363.8 366.4 368.7 33.0 33.0 33.0 32.9 36.2 39.4 43.7 48.5 53.8 59.2 64.8 70.3 75.9 81.5 87.3 93.2 99.0 104.7 110.4 116.3 122.3 128.0 133.6 139.4 145.0 150.6 156.1 161.7 167.1 172.6 178.1 183.5 189.0 194.5 200.0 205.4 210.6 216.0 221.4 226.8 232.2 237.6 242.8 248.4 253.6 259.0 264.4 269.8 275.0 280.4 108.0 1782168461.558613
247.0 254.5 260.8 267.1 272.1 277.1 281.8 285.5 288.5 290.9 292.8 294.9 296.3 298.1 299.0 300.0 301.1 302.2 303.3 303.5 304.3 305.6 306.0 307.1 308.1 309.2 310.5 311.8 312.9 314.1 315.4 317.0 317.8 319.0 321.0 322.3 324.1 325.8 327.8 329.7 331.0 333.1 335.2 337.2 339.4 341.4 343.2 345.5 347.4 349.7 33.0 33.0 33.0 33.0 36.0 39.1 43.0 47.8 52.8 58.1 63.6 69.1 74.8 80.4 86.3 92.2 98.0 103.8 109.7 115.9 121.9 127.6 133.8 139.6 145.5 151.3 157.1 162.9 168.7 174.5 180.2 185.9 191.8 197.6 203.1 208.9 214.4 220.0 225.5 231.0 236.7 242.2 247.6 253.1 258.5 263.9 269.5 274.8 280.4 285.7 109.0 1782168461.579184
247.0 254.4 260.5 266.7 271.7 276.7 281.3 285.2 288.4 291.0 292.9 294.9 296.1 297.9 299.0 299.7 300.3 301.3 301.5 301.5 302.5 302.7 303.6 303.8 304.0 304.2 305.0 305.5 305.8 306.0 306.2 307.4 307.6 307.8 308.2 308.7 309.6 310.8 312.0 313.1 313.7 314.6 316.3 317.7 319.1 320.3 321.4 323.2 324.7 325.9 33.0 33.0 33.0 33.0 35.7 38.7 42.3 46.9 51.7 56.9 62.2 67.6 73.3 78.6 84.4 90.3 96.2 102.0 108.0 114.2 120.0 126.0 131.8 137.9 144.0 150.1 155.9 161.9 167.9 174.0 180.1 185.8 191.9 197.9 204.0 209.9 215.7 221.4 227.1 232.8 238.7 244.5 250.0 255.5 261.1 266.8 272.5 277.9 283.5 289.1 110.0 1782168461.599528
247.0 254.3 260.3 266.5 271.5 276.4 281.0 284.7 287.6 290.1 292.1 293.7 295.0 296.4 297.2 297.6 297.8 298.6 298.7 298.7 298.9 299.9 299.1 299.2 299.2 299.2 299.4 299.5 298.8 298.8 298.1 298.3 297.5 297.6 297.6 297.7 297.8 297.4 297.6 297.8 297.9 298.1 297.6 297.9 298.2 298.5 298.7 299.0 299.3 299.6 33.0 33.0 33.0 33.0 35.5 38.4 42.0 46.5 51.4 56.5 61.7 67.2 72.8 78.2 84.0 90.0 95.9 101.7 107.8 113.8 119.9 125.6 131.3 137.4 143.4 149.5 155.5 161.5 167.3 173.4 179.1 185.1 190.8 196.9 203.0 209.0 215.0 220.7 226.7 232.7 238.7 244.8 250.4 256.4 262.3 268.3 274.3 280.3 286.2 292.2 111.0 1782168461.620020
247.0 254.3 260.5 266.7 271.7 276.7 281.0 284.7 287.3 289.6 291.2 292.6 293.4 294.5 294.7 294.7 295.6 295.7 295.7 295.7 295.8 295.2 295.0 295.0 295.0 295.1 294.3 294.3 293.3 293.4 292.4 291.7 291.0 290.7 290.0 289.2 288.3 287.5 286.7 286.0 285.2 284.0 282.7 282.0 281.3 280.5 279.2 278.2 277.5 276.7 33.0 33.0 33.0 33.0 35.7 38.6 42.8 47.5 52.6 57.8 63.3 68.9 74.7 80.4 86.5 92.7 98.4 104.5 110.7 116.9 123.0 128.8 134.8 141.0 147.2 153.3 159.1 165.3 171.0 177.2 183.0 188.8 194.7 200.7 206.5 212.3 218.1 223.9 229.7 235.5 241.3 247.0 252.5 258.3 264.2 270.0 275.5 281.2 287.0 292.8 112.0 1782168461.635610
247.0 254.1 260.3 266.6 271.7 276.5 280.9 284.2 286.2 287.7 289.5 290.5 290.7 290.9 290.9 290.9 291.1 291.1 291.1 290.8 290.4 290.2 290.2 290.2 289.4 289.5 288.4 287.7 287.1 286.0 284.8 284.0 283.0 281.2 280.3 278.6 277.1 275.1 273.6 271.7 269.8 267.5 265.5 263.6 261.3 259.4 257.1 255.2 253.0 250.6 33.0 33.0 33.0 32.9 35.7 39.3 43.7 48.6 54.0 59.7 65.2 71.0 77.2 83.3 89.6 95.8 102.0 108.3 114.5 120.6 126.7 132.9 139.1 145.3 151.3 157.5 163.4 169.3 175.3 181.1 186.9 192.8 198.6 204.1 210.0 215.6 221.2 226.6 232.2 237.7 243.1 248.4 253.8 259.3 264.6 270.1 275.4 280.8 286.1 291.4 113.0 1782168461.661413
247.0 254.0 260.3 266.6 271.7 276.5 280.3 283.5 285.2 286.3 287.4 288.5 288.5 288.6 288.0 287.8 287.0 287.0 286.2 285.3 284.5 284.5 283.6 282.8 282.2 281.4 280.0 279.1 278.2 276.4 274.6 273.1 271.1 269.5 267.5 265.4 263.0 260.9 258.6 255.8 253.1 250.4 247.4 244.6 241.6 238.9 236.0 233.2 229.9 226.9 33.0 33.0 33.0 32.9 35.7 39.4 44.1 49.0 54.6 60.4 66.2 72.1 78.3 84.6 90.6 96.8 102.7 109.0 114.9 120.8 126.7 133.0 138.9 144.8 150.8 156.8 162.5 168.4 174.3 179.8 185.3 191.0 196.4 202.0 207.5 212.9 218.1 223.5 228.8 234.0 239.1 244.2 249.3 254.4 259.4 264.6 269.6 274.8 279.6 284.7 114.0 1782168461.687095
247.0 254.3 260.6 266.9 271.9 276.6 280.3 283.4 285.0 286.4 287.1 287.3 287.3 287.3 286.3 285.5 284.6 283.7 282.9 281.2 280.1 279.3 277.6 276.6 275.2 273.9 272.0 270.3 268.8 267.1 265.0 262.6 260.1 257.9 255.6 253.1 250.5 248.1 245.2 242.4 239.5 236.6 233.6 230.5 227.4 224.5 221.1 218.5 215.5 212.6 33.0 33.0 33.0 32.9 35.9 39.5 44.3 49.3 54.9 60.6 66.5 72.7 78.9 85.2 91.0 96.9 102.8 108.7 114.6 120.2 126.0 131.9 137.4 143.3 149.0 154.7 160.1 165.7 171.3 176.9 182.2 187.5 192.7 198.1 203.4 208.6 213.8 219.0 224.1 229.2 234.2 239.3 244.3 249.3 254.2 259.2 264.1 269.3 274.3 279.3 115.0 1782168461.702739
247.0 254.1 260.4 266.7 271.8 276.6 280.9 283.8 285.0 286.9 287.0 287.1 287.1 286.2 285.3 284.3 282.7 281.3 279.7 277.5 276.0 274.3 271.8 270.3 268.2 266.1 263.7 261.6 259.3 256.7 254.3 251.7 248.8 245.9 243.3 240.8 238.1 235.6 232.6 229.5 227.0 224.0 221.2 218.2 215.1 212.5 209.8 206.8 204.0 200.9 33.0 33.0 33.0 33.0 35.8 39.6 44.1 49.2 55.0 60.5 66.8 73.0 79.3 85.3 91.2 97.1 102.7 108.4 114.1 119.5 125.1 130.7 136.0 141.7 147.1 152.5 157.8 163.2 168.6 173.8 179.1 184.4 189.4 194.5 199.8 205.0 210.2 215.5 220.5 225.5 230.8 235.8 241.0 246.0 251.0 256.3 261.5 266.5 271.7 276.7 116.0 1782168461.718198
247.0 254.1 260.5 266.8 272.0 276.7 281.3 284.0 284.9 286.9 287.0 287.0 286.2 285.3 283.9 282.5 280.5 278.7 276.7 274.1 272.0 270.0 267.3 265.0 262.4 260.3 257.4 254.7 252.2 249.2 246.3 243.1 240.1 237.2 234.2 231.4 228.7 226.2 223.3 220.4 217.8 215.1 212.4 209.3 207.0 204.1 201.3 199.0 196.3 193.8 33.0 33.0 33.0 33.0 35.9 39.7 44.2 49.4 55.4 60.9 67.2 73.6 79.5 85.5 91.3 97.1 102.6 108.2 113.7 119.0 124.5 130.0 135.2 140.6 145.9 151.3 156.5 161.7 167.0 172.1 177.3 182.3 187.4 192.5 197.6 202.9 208.1 213.4 218.5 223.7 229.0 234.2 239.4 244.5 249.9 255.0 260.2 265.6 270.8 276.1 117.0 1782168461.738561
247.0 254.4 260.7 267.0 272.0 276.8 281.0 283.6 285.0 286.2 286.2 286.2 284.5 283.5 281.9 279.9 277.7 275.7 273.1 270.6 268.0 265.6 263.0 260.3 257.4 254.5 251.6 249.1 246.2 242.7 239.7 236.7 233.5 230.5 227.4 224.5 221.8 218.8 216.2 213.6 210.8 208.4 205.4 202.7 200.1 197.5 194.8 192.6 190.4 187.6 33.0 33.0 33.0 33.0 36.0 39.8 44.3 49.5 55.3 61.0 67.3 73.6 79.2 85.1 90.8 96.2 101.6 107.1 112.3 117.6 122.8 128.0 133.3 138.5 143.6 148.7 153.7 159.0 164.1 168.9 174.0 179.0 184.0 189.1 194.1 199.2 204.4 209.4 214.6 219.8 225.0 230.3 235.3 240.5 245.7 251.0 256.1 261.5 266.9 272.0 118.0 1782168461.759479
247.0 254.1 260.4 266.7 271.8 276.6 280.4 283.2 284.3 285.4 285.4 284.7 283.3 281.7 279.9 277.8 275.3 273.1 270.6 267.8 265.2 262.3 260.1 256.7 253.7 250.7 247.7 244.9 241.9 238.7 235.7 232.6 229.5 226.6 223.5 221.0 217.7 215.0 212.5 209.5 206.6 203.9 201.0 198.0 195.1 192.6 189.9 187.2 184.7 182.2 33.0 33.0 33.0 33.0 35.8 39.5 44.3 49.4 55.2 61.1 67.4 73.4 79.1 84.7 90.3 95.7 100.9 106.3 111.6 116.7 121.9 127.0 132.4 137.3 142.3 147.4 152.4 157.5 162.6 167.5 172.6 177.6 182.6 187.7 192.7 197.9 202.8 208.0 213.3 218.3 223.4 228.6 233.6 238.7 243.8 249.0 254.2 259.4 264.6 269.9 119.0 1782168461.785200
247.0 254.3 260.6 266.9 272.0 276.6 280.4 282.8 283.6 284.6 284.0 283.1 282.0 280.2 278.3 276.0 273.5 271.3 268.7 266.0 263.1 260.4 258.0 254.8 251.8 248.8 246.0 243.1 240.1 237.5 234.0 230.9 227.8 225.2 221.8 219.3 216.2 213.3 210.5 207.6 204.2 201.3 198.2 195.2 191.9 189.5 186.3 183.4 180.6 178.2 33.0 33.0 33.0 33.0 35.9 40.0 44.8 50.1 56.0 61.9 68.0 73.9 79.7 85.2 90.7 96.1 101.3 106.7 111.9 117.1 122.2 127.4 132.7 137.6 142.6 147.7 152.8 157.9 163.0 168.2 173.0 178.0 183.0 188.2 193.1 198.4 203.3 208.5 213.6 218.7 223.6 228.7 233.7 238.7 243.6 248.9 253.9 258.9 264.1 269.4 120.0 1782168461.800543
247.0 254.2 260.5 266.8 271.9 276.4 280.2 282.5 283.4 284.1 283.5 282.6 281.4 279.5 277.8 275.4 273.0 270.8 268.3 265.7 262.9 260.3 257.9 254.7 251.8 249.0 246.3 243.3 240.4 237.7 234.5 231.5 228.4 225.7 222.4 219.6 216.5 213.6 210.6 207.5 204.3 201.2 197.9 194.9 191.5 188.9 185.6 182.6 179.8 177.0 33.0 33.0 33.0 33.0 35.8 40.0 44.7 50.1 56.0 61.9 67.9 73.8 79.6 85.1 90.7 96.0 101.2 106.6 111.8 117.0 122.1 127.3 132.6 137.5 142.6 147.7 152.9 157.9 163.0 168.1 173.1 178.1 183.1 188.2 193.1 198.3 203.2 208.3 213.4 218.3 223.3 228.2 233.2 238.2 243.1 248.2 253.2 258.2 263.3 268.4 121.0 1782168461.821010
247.0 254.3 260.5 266.7 271.8 276.3 280.1 282.1 283.3 283.7 283.2 282.3 280.8 279.4 277.5 275.3 273.2 270.9 268.6 266.2 263.4 261.0 258.7 255.8 253.0 250.3 247.6 244.8 242.0 239.2 236.3 233.3 230.2 227.2 224.2 221.2 218.2 215.0 212.0 208.9 205.6 202.2 198.8 195.5 192.0 188.9 185.5 182.2 179.3 176.2 33.0 33.0 33.0 33.2 35.9 40.1 44.8 50.2 56.0 62.1 68.1 74.0 79.6 85.3 90.8 96.1 101.4 106.7 112.0 117.3 122.4 127.7 132.9 138.0 143.1 148.2 153.4 158.4 163.5 168.6 173.6 178.6 183.6 188.6 193.6 198.6 203.6 208.5 213.6 218.5 223.4 228.3 233.1 238.0 242.7 247.7 252.6 257.4 262.5 267.5 122.0 1782168461.841736
247.0 254.1 260.4 266.6 271.7 276.2 279.9 282.2 283.2 283.9 283.7 283.2 281.7 280.4 278.9 277.1 275.1 273.0 270.9 268.8 266.4 264.1 261.6 259.3 257.1 254.4 251.9 249.5 246.6 243.9 241.1 238.1 235.1 232.1 229.1 225.8 222.5 219.1 216.0 212.9 209.4 206.1 202.4 199.0 195.3 191.8 188.2 184.6 181.2 178.1 33.0 33.0 33.0 33.1 35.8 40.1 44.8 50.2 56.0 62.0 68.2 74.2 79.8 85.6 91.2 96.7 102.1 107.5 112.9 118.3 123.6 128.9 134.1 139.4 144.8 149.9 155.1 160.4 165.4 170.6 175.7 180.7 185.7 190.7 195.7 200.6 205.5 210.4 215.3 220.3 225.1 230.0 234.7 239.6 244.3 249.2 253.9 258.7 263.5 268.5 123.0 1782168461.857301
247.0 254.0 260.3 266.5 271.7 276.3 280.0 282.8 283.8 285.2 285.6 285.4 284.3 283.3 282.0 280.2 278.7 276.9 275.0 272.9 270.7 268.8 266.2 264.0 261.8 259.7 257.4 254.8 252.5 249.8 246.8 243.8 240.8 237.8 234.8 231.8 228.7 225.4 222.5 219.4 215.9 212.4 209.1 205.5 201.8 198.7 194.9 191.9 188.3 185.2 33.0 33.0 33.0 33.0 35.7 39.5 44.2 49.3 55.1 60.8 66.9 73.1 78.9 84.7 90.4 95.9 101.5 107.0 112.5 117.9 123.2 128.6 133.8 139.1 144.5 149.8 155.1 160.3 165.6 170.7 175.8 180.7 185.8 190.8 195.8 200.7 205.7 210.6 215.7 220.6 225.4 230.2 235.1 239.8 244.5 249.5 254.2 259.2 263.9 268.9 124.0 1782168461.877731
247.0 254.4 260.6 266.9 272.0 276.7 281.0 284.0 285.6 286.6 287.5 287.5 287.3 286.3 285.8 284.2 283.0 281.5 279.7 277.8 275.7 273.8 271.6 269.6 267.5 265.4 263.2 260.5 257.9 255.4 252.6 250.0 247.0 244.0 240.9 238.3 235.3 232.3 229.3 226.2 223.0 220.0 216.9 213.2 210.1 207.1 203.7 200.7 197.6 194.6 33.0 33.0 33.0 33.0 36.0 39.7 44.2 49.2 54.9 60.7 66.6 72.9 79.1 85.0 91.0 96.6 102.4 108.1 113.6 119.1 124.5 130.0 135.4 140.8 146.2 151.6 157.0 162.2 167.4 172.6 177.7 182.9 187.9 193.0 198.0 203.2 208.2 213.3 218.3 223.3 228.2 233.3 238.3 243.0 248.0 253.0 257.9 262.9 267.9 273.0 125.0 1782168461.898535
247.0 254.4 260.7 267.0 272.0 277.0 281.4 284.8 286.8 287.7 289.5 290.2 290.2 289.2 289.1 288.0 287.0 285.8 284.7 282.7 281.4 279.5 277.5 276.3 274.3 272.3 270.3 268.0 265.8 263.1 260.9 258.1 255.2 252.1 249.8 247.2 244.6 241.8 239.3 236.2 233.4 230.7 227.7 224.5 221.9 219.1 216.4 213.7 211.0 208.5 33.0 33.0 33.0 33.0 36.1 39.2 43.6 48.5 54.0 59.9 65.4 71.4 77.6 83.5 89.7 95.6 101.4 107.2 113.0 118.5 124.2 129.7 135.2 140.9 146.4 151.8 157.3 162.7 168.0 173.2 178.5 183.7 188.7 193.7 199.1 204.3 209.5 214.6 219.8 224.8 230.0 235.1 240.2 245.1 250.3 255.4 260.6 265.8 270.9 276.2 126.0 1782168461.918933
247.0 254.5 260.8 267.1 272.1 277.1 281.7 285.0 287.1 288.7 290.2 291.7 291.6 291.5 291.4 290.5 290.2 289.2 288.1 286.9 285.9 284.7 283.1 281.6 280.5 278.7 277.0 275.2 273.1 271.0 269.0 266.3 263.8 261.6 259.5 257.2 254.8 252.2 249.9 247.5 244.9 242.2 239.9 237.1 234.8 232.2 229.8 227.6 225.4 222.5 33.0 33.0 33.0 33.0 36.2 39.3 43.7 48.6 54.1 59.7 65.4 71.1 77.4 83.6 89.9 95.9 102.1 108.0 113.8 119.7 125.5 131.4 137.0 142.7 148.6 154.1 159.8 165.3 170.8 176.2 181.7 186.9 192.2 197.6 203.0 208.4 213.7 219.0 224.3 229.6 234.9 240.1 245.4 250.6 256.0 261.2 266.5 271.9 277.3 282.4 127.0 1782168461.939548
