540.0 572.0 576.0 580.0 584.0 588.0 593.0 596.0 600.0 605.0 609.0 613.0 617.0 621.0 625.0 630.0 634.0 638.0 643.0 647.0 651.0 655.0 660.0 664.0 669.0 673.0 677.0 681.0 686.0 690.0 695.0 699.0 704.0 708.0 712.0 717.0 721.0 726.0 730.0 735.0 739.0 744.0 748.0 753.0 758.0 762.0 767.0 771.0 776.0 781.0 785.0 790.0 794.0 799.0 804.0 808.0 813.0 818.0 822.0 827.0 831.0 836.0 841.0 845.0 850.0 855.0 860.0 864.0 869.0 874.0 878.0 883.0 888.0 892.0 897.0 902.0 906.0 911.0 916.0 921.0 925.0 930.0 935.0 939.0 944.0 949.0 953.0 958.0 963.0 968.0 972.0 977.0 982.0 986.0 991.0 996.0 1001.0 1006.0 1010.0 1015.0 2.0 39.0 43.0 47.0 52.0 55.0 60.0 64.0 68.0 71.0 75.0 79.0 83.0 87.0 91.0 94.0 98.0 102.0 105.0 109.0 113.0 117.0 120.0 124.0 128.0 131.0 135.0 139.0 142.0 146.0 149.0 153.0 156.0 160.0 163.0 167.0 171.0 174.0 177.0 181.0 184.0 188.0 191.0 194.0 198.0 201.0 204.0 208.0 211.0 215.0 218.0 221.0 225.0 228.0 231.0 234.0 237.0 241.0 244.0 247.0 250.0 254.0 257.0 260.0 263.0 266.0 269.0 273.0 276.0 279.0 282.0 285.0 288.0 291.0 295.0 298.0 301.0 304.0 307.0 311.0 314.0 317.0 320.0 323.0 326.0 329.0 333.0 335.0 339.0 342.0 345.0 348.0 351.0 354.0 357.0 360.0 363.0 366.0 368.0 372.0 0.0
540.0 570.0 574.0 577.0 581.0 584.0 588.0 592.0 595.0 599.0 603.0 607.0 611.0 614.0 618.0 622.0 626.0 630.0 634.0 637.0 642.0 645.0 649.0 653.0 657.0 661.0 665.0 669.0 673.0 677.0 681.0 684.0 688.0 692.0 696.0 700.0 704.0 708.0 712.0 716.0 720.0 724.0 728.0 733.0 737.0 741.0 745.0 749.0 753.0 757.0 761.0 765.0 769.0 774.0 778.0 782.0 786.0 790.0 794.0 798.0 803.0 807.0 811.0 815.0 819.0 823.0 828.0 832.0 836.0 840.0 844.0 848.0 853.0 857.0 861.0 865.0 869.0 873.0 877.0 881.0 886.0 890.0 894.0 898.0 902.0 906.0 911.0 915.0 919.0 923.0 928.0 932.0 936.0 940.0 944.0 949.0 953.0 957.0 961.0 965.0 2.0 40.0 44.0 49.0 53.0 57.0 62.0 66.0 70.0 74.0 78.0 82.0 86.0 90.0 94.0 98.0 102.0 106.0 110.0 114.0 118.0 122.0 126.0 130.0 134.0 138.0 142.0 146.0 149.0 154.0 157.0 161.0 165.0 169.0 173.0 176.0 181.0 184.0 188.0 192.0 195.0 200.0 203.0 207.0 211.0 214.0 218.0 222.0 226.0 229.0 233.0 237.0 241.0 244.0 248.0 251.0 255.0 259.0 262.0 266.0 269.0 273.0 277.0 280.0 284.0 288.0 291.0 295.0 298.0 302.0 305.0 309.0 313.0 316.0 320.0 323.0 327.0 331.0 334.0 338.0 341.0 345.0 349.0 352.0 356.0 359.0 363.0 366.0 370.0 374.0 377.0 380.0 384.0 387.0 391.0 394.0 398.0 401.0 405.0 408.0 1.0
540.0 567.0 570.0 573.0 576.0 579.0 583.0 586.0 589.0 593.0 596.0 600.0 603.0 606.0 609.0 613.0 616.0 620.0 623.0 626.0 630.0 633.0 637.0 640.0 643.0 647.0 650.0 654.0 657.0 661.0 664.0 667.0 671.0 674.0 678.0 681.0 685.0 688.0 692.0 695.0 699.0 702.0 705.0 709.0 713.0 716.0 720.0 723.0 727.0 730.0 734.0 737.0 741.0 744.0 748.0 751.0 755.0 758.0 762.0 765.0 769.0 772.0 776.0 779.0 782.0 786.0 790.0 793.0 796.0 800.0 803.0 806.0 810.0 814.0 817.0 820.0 823.0 827.0 830.0 833.0 837.0 840.0 843.0 846.0 850.0 853.0 856.0 860.0 863.0 866.0 869.0 873.0 876.0 879.0 883.0 886.0 889.0 892.0 896.0 898.0 2.0 41.0 45.0 50.0 54.0 58.0 63.0 67.0 71.0 76.0 80.0 85.0 88.0 93.0 97.0 101.0 105.0 110.0 114.0 118.0 122.0 127.0 131.0 135.0 139.0 143.0 148.0 152.0 156.0 160.0 164.0 168.0 172.0 176.0 181.0 185.0 189.0 193.0 197.0 201.0 205.0 209.0 214.0 217.0 222.0 226.0 229.0 234.0 238.0 242.0 246.0 250.0 254.0 258.0 262.0 266.0 270.0 274.0 278.0 282.0 286.0 290.0 294.0 298.0 302.0 306.0 310.0 314.0 318.0 322.0 326.0 330.0 334.0 338.0 342.0 346.0 350.0 354.0 358.0 362.0 366.0 371.0 375.0 378.0 383.0 386.0 391.0 395.0 399.0 403.0 407.0 411.0 415.0 419.0 423.0 427.0 431.0 435.0 439.0 443.0 2.0
540.0 561.0 564.0 566.0 569.0 571.0 574.0 576.0 579.0 581.0 584.0 587.0 589.0 592.0 594.0 597.0 599.0 602.0 605.0 607.0 610.0 612.0 615.0 618.0 620.0 623.0 626.0 628.0 631.0 633.0 636.0 638.0 641.0 644.0 646.0 649.0 652.0 654.0 657.0 660.0 662.0 665.0 668.0 670.0 673.0 676.0 678.0 681.0 684.0 686.0 689.0 692.0 694.0 697.0 700.0 702.0 705.0 708.0 710.0 713.0 715.0 718.0 721.0 723.0 726.0 728.0 731.0 733.0 736.0 738.0 741.0 743.0 746.0 748.0 751.0 753.0 756.0 758.0 760.0 763.0 765.0 767.0 770.0 772.0 774.0 777.0 779.0 781.0 784.0 786.0 789.0 791.0 793.0 796.0 798.0 800.0 802.0 805.0 808.0 810.0 2.0 43.0 47.0 52.0 57.0 61.0 66.0 71.0 75.0 80.0 85.0 89.0 94.0 98.0 103.0 108.0 112.0 117.0 121.0 126.0 130.0 135.0 139.0 144.0 148.0 153.0 157.0 162.0 166.0 171.0 175.0 180.0 184.0 189.0 193.0 198.0 203.0 207.0 211.0 216.0 220.0 224.0 229.0 233.0 238.0 243.0 247.0 251.0 256.0 260.0 264.0 269.0 273.0 278.0 282.0 287.0 291.0 296.0 300.0 305.0 309.0 313.0 318.0 322.0 327.0 331.0 335.0 340.0 344.0 349.0 353.0 358.0 362.0 366.0 371.0 375.0 380.0 385.0 389.0 393.0 398.0 402.0 407.0 411.0 416.0 420.0 425.0 429.0 434.0 438.0 443.0 447.0 452.0 456.0 461.0 465.0 470.0 474.0 478.0 482.0 3.0
540.0 552.0 553.0 555.0 556.0 557.0 559.0 560.0 561.0 563.0 564.0 566.0 567.0 569.0 570.0 571.0 573.0 574.0 576.0 577.0 579.0 580.0 582.0 583.0 584.0 586.0 587.0 589.0 590.0 592.0 594.0 594.0 596.0 598.0 599.0 601.0 602.0 604.0 605.0 607.0 609.0 610.0 612.0 613.0 615.0 617.0 618.0 620.0 621.0 623.0 625.0 626.0 628.0 630.0 631.0 633.0 634.0 636.0 638.0 639.0 641.0 642.0 644.0 646.0 647.0 649.0 651.0 652.0 653.0 655.0 657.0 658.0 659.0 661.0 662.0 664.0 665.0 667.0 668.0 670.0 671.0 673.0 674.0 676.0 677.0 679.0 680.0 681.0 683.0 684.0 686.0 687.0 689.0 690.0 692.0 693.0 695.0 696.0 698.0 699.0 2.0 43.0 48.0 53.0 58.0 63.0 67.0 72.0 77.0 81.0 86.0 91.0 96.0 100.0 105.0 110.0 114.0 119.0 124.0 129.0 133.0 138.0 143.0 147.0 152.0 157.0 161.0 166.0 171.0 175.0 180.0 185.0 189.0 194.0 199.0 203.0 208.0 213.0 217.0 222.0 227.0 232.0 236.0 241.0 245.0 250.0 255.0 260.0 264.0 269.0 274.0 278.0 283.0 287.0 292.0 297.0 301.0 306.0 311.0 316.0 320.0 325.0 330.0 334.0 339.0 344.0 348.0 353.0 358.0 363.0 367.0 372.0 377.0 381.0 386.0 391.0 395.0 400.0 405.0 409.0 415.0 419.0 424.0 428.0 433.0 438.0 443.0 448.0 452.0 457.0 462.0 466.0 471.0 476.0 481.0 485.0 490.0 495.0 499.0 503.0 4.0
540.0 543.0 543.0 543.0 543.0 543.0 544.0 544.0 544.0 545.0 545.0 545.0 545.0 546.0 545.0 546.0 546.0 546.0 547.0 547.0 547.0 547.0 548.0 548.0 548.0 548.0 549.0 549.0 549.0 549.0 550.0 550.0 550.0 550.0 551.0 551.0 551.0 551.0 552.0 552.0 552.0 553.0 553.0 554.0 554.0 554.0 555.0 555.0 555.0 556.0 556.0 556.0 557.0 557.0 557.0 558.0 558.0 559.0 559.0 559.0 560.0 560.0 561.0 561.0 562.0 562.0 562.0 563.0 563.0 564.0 564.0 564.0 565.0 565.0 565.0 566.0 566.0 567.0 567.0 567.0 567.0 568.0 568.0 569.0 569.0 569.0 569.0 570.0 570.0 571.0 571.0 572.0 572.0 572.0 573.0 573.0 574.0 574.0 574.0 575.0 2.0 44.0 48.0 53.0 58.0 63.0 68.0 72.0 77.0 82.0 87.0 91.0 96.0 101.0 106.0 110.0 115.0 120.0 124.0 129.0 134.0 139.0 143.0 148.0 153.0 157.0 162.0 167.0 172.0 176.0 181.0 186.0 190.0 195.0 200.0 205.0 209.0 214.0 218.0 223.0 228.0 233.0 237.0 242.0 247.0 252.0 256.0 261.0 266.0 270.0 275.0 280.0 284.0 289.0 294.0 299.0 303.0 308.0 313.0 318.0 322.0 327.0 332.0 337.0 341.0 346.0 351.0 355.0 360.0 365.0 370.0 375.0 379.0 384.0 389.0 393.0 398.0 403.0 408.0 413.0 418.0 422.0 427.0 432.0 437.0 442.0 446.0 451.0 456.0 461.0 466.0 470.0 475.0 480.0 485.0 490.0 495.0 499.0 504.0 508.0 5.0
540.0 535.0 534.0 533.0 533.0 531.0 531.0 530.0 529.0 529.0 528.0 527.0 526.0 526.0 524.0 524.0 523.0 522.0 521.0 520.0 520.0 519.0 518.0 517.0 517.0 516.0 515.0 514.0 513.0 512.0 512.0 510.0 510.0 509.0 508.0 507.0 507.0 506.0 505.0 504.0 503.0 503.0 502.0 501.0 501.0 500.0 499.0 498.0 498.0 497.0 496.0 495.0 495.0 494.0 493.0 492.0 491.0 491.0 490.0 489.0 488.0 487.0 487.0 486.0 485.0 484.0 483.0 482.0 481.0 481.0 480.0 479.0 478.0 477.0 476.0 475.0 474.0 473.0 472.0 471.0 470.0 469.0 468.0 467.0 466.0 465.0 464.0 463.0 462.0 461.0 460.0 459.0 458.0 457.0 456.0 455.0 454.0 453.0 452.0 451.0 2.0 43.0 48.0 53.0 58.0 63.0 67.0 72.0 77.0 82.0 87.0 91.0 96.0 101.0 106.0 110.0 115.0 120.0 125.0 129.0 134.0 139.0 144.0 148.0 153.0 158.0 162.0 167.0 172.0 176.0 181.0 186.0 191.0 195.0 200.0 205.0 210.0 214.0 219.0 224.0 228.0 233.0 238.0 242.0 247.0 252.0 257.0 261.0 266.0 271.0 275.0 280.0 285.0 289.0 294.0 299.0 304.0 308.0 313.0 318.0 322.0 327.0 332.0 336.0 341.0 346.0 351.0 355.0 360.0 364.0 369.0 374.0 379.0 383.0 388.0 392.0 397.0 402.0 406.0 411.0 416.0 420.0 425.0 430.0 435.0 439.0 444.0 449.0 453.0 458.0 463.0 467.0 472.0 476.0 481.0 485.0 490.0 494.0 499.0 503.0 6.0
540.0 528.0 527.0 525.0 524.0 522.0 520.0 519.0 517.0 515.0 513.0 512.0 510.0 508.0 506.0 504.0 503.0 501.0 499.0 497.0 496.0 494.0 492.0 490.0 488.0 486.0 485.0 483.0 481.0 479.0 477.0 475.0 473.0 471.0 469.0 468.0 466.0 464.0 462.0 460.0 458.0 456.0 455.0 453.0 451.0 449.0 447.0 445.0 443.0 441.0 440.0 438.0 436.0 434.0 432.0 430.0 428.0 426.0 424.0 423.0 420.0 418.0 417.0 414.0 412.0 411.0 409.0 406.0 404.0 403.0 400.0 398.0 396.0 394.0 392.0 390.0 388.0 385.0 383.0 381.0 379.0 377.0 375.0 373.0 370.0 368.0 366.0 364.0 362.0 360.0 358.0 355.0 353.0 351.0 349.0 347.0 345.0 343.0 340.0 338.0 2.0 43.0 48.0 53.0 58.0 62.0 67.0 72.0 76.0 81.0 86.0 91.0 95.0 100.0 105.0 109.0 114.0 119.0 123.0 128.0 132.0 137.0 142.0 147.0 151.0 156.0 161.0 165.0 169.0 174.0 179.0 183.0 188.0 192.0 197.0 202.0 206.0 211.0 215.0 220.0 225.0 229.0 234.0 238.0 243.0 247.0 252.0 256.0 261.0 265.0 270.0 274.0 279.0 283.0 287.0 292.0 297.0 301.0 305.0 310.0 314.0 319.0 323.0 327.0 332.0 336.0 340.0 345.0 349.0 353.0 358.0 362.0 366.0 371.0 374.0 379.0 383.0 388.0 392.0 396.0 400.0 404.0 409.0 413.0 417.0 421.0 426.0 430.0 434.0 438.0 443.0 447.0 451.0 455.0 459.0 463.0 468.0 471.0 475.0 480.0 7.0
540.0 522.0 520.0 517.0 515.0 512.0 510.0 507.0 505.0 502.0 500.0 497.0 494.0 492.0 489.0 486.0 484.0 481.0 479.0 476.0 473.0 471.0 468.0 465.0 462.0 460.0 457.0 454.0 451.0 449.0 446.0 443.0 440.0 438.0 435.0 432.0 430.0 427.0 424.0 421.0 418.0 416.0 413.0 410.0 407.0 405.0 402.0 399.0 396.0 394.0 391.0 388.0 385.0 383.0 380.0 377.0 374.0 371.0 368.0 366.0 363.0 360.0 357.0 354.0 351.0 349.0 346.0 343.0 340.0 337.0 334.0 331.0 328.0 325.0 322.0 319.0 316.0 313.0 310.0 307.0 304.0 301.0 298.0 295.0 292.0 289.0 286.0 283.0 280.0 277.0 274.0 271.0 268.0 265.0 263.0 260.0 257.0 254.0 251.0 248.0 2.0 42.0 47.0 52.0 56.0 61.0 65.0 70.0 74.0 79.0 83.0 88.0 92.0 96.0 101.0 105.0 110.0 114.0 118.0 123.0 127.0 131.0 136.0 140.0 144.0 149.0 153.0 157.0 161.0 166.0 170.0 174.0 178.0 182.0 187.0 191.0 195.0 199.0 203.0 208.0 212.0 216.0 220.0 225.0 229.0 233.0 237.0 241.0 246.0 250.0 254.0 258.0 262.0 266.0 270.0 274.0 278.0 282.0 286.0 290.0 294.0 299.0 302.0 306.0 311.0 315.0 319.0 322.0 327.0 330.0 334.0 338.0 342.0 346.0 350.0 354.0 358.0 362.0 365.0 369.0 373.0 377.0 381.0 385.0 389.0 393.0 396.0 400.0 404.0 408.0 412.0 416.0 419.0 423.0 427.0 431.0 435.0 438.0 442.0 446.0 8.0
540.0 516.0 514.0 511.0 508.0 505.0 502.0 498.0 495.0 492.0 489.0 485.0 482.0 479.0 476.0 472.0 469.0 466.0 462.0 459.0 456.0 452.0 449.0 446.0 442.0 439.0 436.0 432.0 429.0 426.0 422.0 419.0 415.0 412.0 409.0 405.0 402.0 399.0 395.0 392.0 388.0 385.0 382.0 378.0 375.0 372.0 368.0 365.0 362.0 358.0 355.0 351.0 348.0 345.0 341.0 338.0 334.0 331.0 327.0 324.0 321.0 317.0 314.0 310.0 307.0 304.0 300.0 297.0 293.0 290.0 286.0 283.0 279.0 276.0 272.0 269.0 265.0 262.0 258.0 255.0 251.0 247.0 244.0 241.0 237.0 233.0 230.0 226.0 223.0 219.0 216.0 212.0 209.0 205.0 202.0 198.0 195.0 191.0 187.0 184.0 2.0 40.0 45.0 49.0 53.0 57.0 61.0 66.0 70.0 74.0 78.0 82.0 86.0 90.0 94.0 98.0 102.0 106.0 109.0 113.0 117.0 121.0 125.0 129.0 133.0 136.0 140.0 144.0 148.0 152.0 155.0 159.0 163.0 167.0 171.0 175.0 178.0 182.0 186.0 190.0 194.0 197.0 201.0 205.0 209.0 213.0 216.0 220.0 224.0 228.0 231.0 235.0 239.0 242.0 246.0 250.0 254.0 258.0 261.0 265.0 269.0 272.0 276.0 280.0 283.0 287.0 291.0 294.0 298.0 302.0 305.0 309.0 313.0 316.0 320.0 323.0 327.0 331.0 334.0 338.0 341.0 345.0 349.0 352.0 356.0 359.0 363.0 366.0 370.0 373.0 377.0 380.0 384.0 388.0 391.0 395.0 398.0 402.0 405.0 408.0 9.0
540.0 513.0 510.0 506.0 503.0 499.0 496.0 492.0 489.0 485.0 481.0 477.0 474.0 470.0 466.0 462.0 459.0 455.0 452.0 448.0 444.0 440.0 437.0 433.0 429.0 425.0 421.0 418.0 414.0 410.0 406.0 402.0 398.0 395.0 391.0 387.0 383.0 379.0 376.0 372.0 368.0 364.0 361.0 357.0 353.0 349.0 345.0 342.0 338.0 334.0 330.0 326.0 323.0 319.0 315.0 311.0 307.0 303.0 299.0 296.0 292.0 288.0 284.0 280.0 276.0 273.0 269.0 265.0 261.0 257.0 253.0 249.0 246.0 242.0 238.0 234.0 230.0 226.0 222.0 218.0 214.0 210.0 206.0 202.0 199.0 195.0 191.0 187.0 183.0 179.0 175.0 171.0 167.0 163.0 159.0 155.0 151.0 147.0 143.0 140.0 2.0 39.0 43.0 47.0 51.0 55.0 58.0 62.0 66.0 70.0 74.0 77.0 81.0 85.0 88.0 92.0 96.0 99.0 103.0 106.0 110.0 114.0 117.0 121.0 124.0 128.0 131.0 135.0 138.0 142.0 145.0 149.0 152.0 156.0 159.0 162.0 166.0 169.0 173.0 176.0 180.0 183.0 187.0 190.0 194.0 197.0 201.0 204.0 208.0 211.0 214.0 218.0 222.0 225.0 228.0 232.0 235.0 239.0 242.0 245.0 249.0 252.0 256.0 259.0 263.0 266.0 269.0 273.0 276.0 279.0 283.0 286.0 290.0 293.0 296.0 300.0 303.0 306.0 310.0 312.0 316.0 319.0 323.0 326.0 329.0 332.0 336.0 339.0 342.0 345.0 349.0 352.0 355.0 359.0 362.0 365.0 368.0 372.0 375.0 378.0 10.0
540.0 512.0 508.0 504.0 501.0 497.0 493.0 489.0 485.0 481.0 477.0 473.0 469.0 465.0 461.0 457.0 453.0 450.0 445.0 441.0 438.0 433.0 430.0 425.0 421.0 417.0 413.0 409.0 405.0 401.0 397.0 393.0 388.0 384.0 380.0 376.0 372.0 368.0 364.0 360.0 356.0 352.0 347.0 343.0 339.0 335.0 331.0 327.0 323.0 318.0 314.0 310.0 307.0 302.0 298.0 294.0 290.0 286.0 281.0 277.0 273.0 269.0 265.0 261.0 257.0 252.0 248.0 244.0 240.0 236.0 231.0 227.0 223.0 219.0 215.0 210.0 206.0 202.0 198.0 194.0 189.0 185.0 181.0 176.0 172.0 168.0 164.0 159.0 155.0 151.0 147.0 142.0 138.0 134.0 130.0 125.0 121.0 117.0 113.0 109.0 2.0 38.0 43.0 46.0 50.0 54.0 58.0 62.0 66.0 69.0 73.0 76.0 80.0 84.0 87.0 91.0 94.0 98.0 101.0 105.0 108.0 112.0 115.0 119.0 122.0 125.0 129.0 132.0 136.0 139.0 142.0 146.0 149.0 152.0 156.0 159.0 162.0 165.0 169.0 172.0 175.0 179.0 182.0 185.0 188.0 192.0 195.0 198.0 202.0 205.0 208.0 211.0 215.0 218.0 221.0 224.0 228.0 231.0 234.0 237.0 241.0 243.0 247.0 250.0 253.0 256.0 260.0 263.0 266.0 269.0 272.0 275.0 278.0 282.0 285.0 288.0 291.0 294.0 297.0 300.0 303.0 306.0 309.0 312.0 316.0 318.0 321.0 324.0 327.0 330.0 334.0 336.0 339.0 343.0 346.0 349.0 352.0 355.0 358.0 361.0 11.0
540.0 510.0 507.0 503.0 499.0 495.0 491.0 487.0 483.0 479.0 475.0 471.0 466.0 462.0 458.0 454.0 450.0 446.0 441.0 437.0 433.0 429.0 425.0 421.0 416.0 412.0 408.0 404.0 399.0 395.0 391.0 387.0 382.0 378.0 374.0 370.0 366.0 361.0 357.0 353.0 348.0 344.0 340.0 335.0 331.0 327.0 323.0 318.0 314.0 310.0 305.0 301.0 297.0 293.0 288.0 284.0 279.0 275.0 271.0 266.0 262.0 258.0 254.0 249.0 245.0 240.0 236.0 232.0 227.0 223.0 218.0 214.0 210.0 205.0 201.0 196.0 192.0 187.0 183.0 178.0 174.0 169.0 165.0 160.0 156.0 151.0 147.0 142.0 138.0 133.0 129.0 124.0 120.0 115.0 111.0 106.0 102.0 97.0 93.0 89.0 2.0 39.0 43.0 47.0 51.0 55.0 59.0 63.0 67.0 70.0 74.0 78.0 82.0 85.0 89.0 93.0 96.0 100.0 104.0 107.0 111.0 114.0 118.0 122.0 125.0 129.0 132.0 135.0 139.0 143.0 146.0 149.0 153.0 156.0 160.0 163.0 166.0 170.0 173.0 176.0 180.0 184.0 187.0 190.0 193.0 197.0 200.0 204.0 207.0 210.0 214.0 217.0 220.0 224.0 227.0 230.0 234.0 237.0 240.0 243.0 246.0 249.0 253.0 256.0 259.0 262.0 265.0 268.0 272.0 275.0 278.0 281.0 284.0 287.0 290.0 293.0 296.0 299.0 302.0 305.0 308.0 311.0 314.0 317.0 320.0 322.0 325.0 328.0 331.0 334.0 337.0 340.0 343.0 346.0 349.0 351.0 354.0 357.0 360.0 363.0 12.0
540.0 511.0 507.0 503.0 499.0 495.0 491.0 487.0 483.0 479.0 475.0 471.0 466.0 463.0 458.0 454.0 450.0 446.0 442.0 438.0 433.0 429.0 425.0 421.0 416.0 412.0 408.0 404.0 399.0 395.0 391.0 387.0 382.0 378.0 374.0 369.0 365.0 361.0 356.0 352.0 348.0 343.0 339.0 335.0 330.0 326.0 322.0 317.0 313.0 309.0 304.0 300.0 296.0 291.0 287.0 282.0 278.0 274.0 269.0 265.0 261.0 256.0 252.0 247.0 243.0 238.0 234.0 229.0 225.0 221.0 216.0 211.0 207.0 202.0 198.0 193.0 188.0 184.0 180.0 175.0 170.0 166.0 161.0 157.0 152.0 147.0 143.0 138.0 134.0 129.0 124.0 120.0 115.0 110.0 106.0 101.0 97.0 92.0 88.0 83.0 2.0 40.0 44.0 48.0 52.0 57.0 60.0 65.0 68.0 73.0 76.0 81.0 84.0 88.0 92.0 96.0 100.0 104.0 108.0 112.0 115.0 119.0 123.0 127.0 131.0 134.0 138.0 142.0 146.0 149.0 153.0 157.0 160.0 164.0 168.0 171.0 175.0 179.0 183.0 186.0 190.0 193.0 197.0 200.0 204.0 208.0 211.0 215.0 219.0 222.0 226.0 229.0 232.0 236.0 239.0 243.0 246.0 250.0 253.0 257.0 260.0 263.0 267.0 270.0 273.0 277.0 280.0 283.0 286.0 290.0 293.0 296.0 299.0 302.0 305.0 308.0 312.0 315.0 318.0 321.0 324.0 327.0 330.0 333.0 336.0 339.0 342.0 345.0 348.0 351.0 354.0 357.0 360.0 363.0 365.0 368.0 371.0 374.0 377.0 380.0 13.0
540.0 512.0 508.0 504.0 501.0 497.0 493.0 489.0 485.0 482.0 478.0 474.0 469.0 465.0 462.0 457.0 454.0 450.0 445.0 442.0 437.0 433.0 429.0 425.0 421.0 417.0 413.0 409.0 405.0 401.0 397.0 392.0 388.0 384.0 380.0 376.0 372.0 367.0 363.0 359.0 355.0 351.0 347.0 343.0 338.0 334.0 330.0 326.0 322.0 317.0 313.0 309.0 305.0 300.0 296.0 292.0 288.0 283.0 279.0 275.0 271.0 267.0 262.0 258.0 254.0 249.0 245.0 241.0 236.0 232.0 228.0 223.0 219.0 215.0 210.0 206.0 201.0 197.0 193.0 188.0 184.0 179.0 175.0 170.0 166.0 161.0 157.0 152.0 148.0 144.0 139.0 135.0 130.0 126.0 122.0 118.0 113.0 108.0 104.0 100.0 2.0 40.0 44.0 48.0 53.0 57.0 61.0 65.0 69.0 74.0 78.0 82.0 86.0 90.0 94.0 98.0 102.0 106.0 110.0 114.0 118.0 122.0 126.0 130.0 134.0 138.0 142.0 146.0 149.0 153.0 157.0 161.0 165.0 169.0 173.0 176.0 180.0 184.0 188.0 192.0 195.0 200.0 203.0 207.0 210.0 215.0 219.0 222.0 226.0 230.0 234.0 237.0 241.0 245.0 248.0 252.0 255.0 259.0 263.0 267.0 270.0 273.0 278.0 281.0 285.0 288.0 292.0 295.0 299.0 302.0 306.0 309.0 313.0 316.0 320.0 323.0 326.0 330.0 333.0 337.0 340.0 343.0 347.0 350.0 354.0 357.0 360.0 363.0 367.0 370.0 374.0 377.0 380.0 383.0 387.0 390.0 393.0 397.0 400.0 403.0 14.0
540.0 512.0 509.0 505.0 502.0 498.0 494.0 491.0 487.0 483.0 479.0 476.0 472.0 468.0 464.0 460.0 456.0 453.0 449.0 445.0 441.0 437.0 434.0 430.0 426.0 422.0 418.0 414.0 410.0 407.0 403.0 399.0 395.0 391.0 388.0 384.0 380.0 376.0 372.0 369.0 365.0 361.0 357.0 353.0 350.0 346.0 342.0 338.0 334.0 330.0 327.0 323.0 319.0 315.0 312.0 308.0 304.0 300.0 296.0 293.0 289.0 285.0 281.0 278.0 274.0 270.0 266.0 262.0 259.0 255.0 251.0 247.0 243.0 240.0 236.0 232.0 228.0 224.0 220.0 216.0 212.0 208.0 204.0 200.0 197.0 193.0 189.0 185.0 181.0 177.0 173.0 170.0 166.0 162.0 158.0 154.0 150.0 146.0 143.0 139.0 2.0 40.0 44.0 49.0 53.0 57.0 62.0 66.0 70.0 74.0 79.0 83.0 87.0 91.0 96.0 99.0 104.0 108.0 112.0 116.0 120.0 124.0 129.0 133.0 137.0 141.0 145.0 149.0 153.0 157.0 161.0 166.0 169.0 174.0 178.0 182.0 185.0 190.0 194.0 198.0 202.0 206.0 210.0 214.0 218.0 222.0 226.0 230.0 234.0 239.0 243.0 247.0 250.0 255.0 259.0 263.0 266.0 270.0 275.0 279.0 282.0 286.0 291.0 295.0 298.0 302.0 306.0 310.0 314.0 318.0 322.0 326.0 330.0 334.0 337.0 341.0 345.0 349.0 353.0 356.0 360.0 364.0 368.0 371.0 375.0 379.0 383.0 387.0 390.0 394.0 398.0 402.0 406.0 409.0 413.0 417.0 421.0 424.0 428.0 432.0 15.0
540.0 515.0 512.0 509.0 506.0 503.0 500.0 496.0 493.0 490.0 487.0 483.0 480.0 476.0 473.0 470.0 467.0 463.0 460.0 457.0 453.0 450.0 447.0 444.0 440.0 437.0 434.0 430.0 427.0 424.0 421.0 417.0 414.0 410.0 407.0 404.0 401.0 397.0 394.0 391.0 388.0 384.0 381.0 378.0 375.0 372.0 368.0 365.0 362.0 358.0 355.0 353.0 349.0 346.0 343.0 339.0 336.0 333.0 330.0 327.0 324.0 320.0 317.0 314.0 311.0 308.0 304.0 301.0 298.0 295.0 292.0 288.0 285.0 282.0 279.0 275.0 272.0 269.0 266.0 262.0 259.0 256.0 253.0 249.0 246.0 243.0 239.0 237.0 233.0 230.0 227.0 224.0 221.0 218.0 215.0 211.0 208.0 205.0 202.0 199.0 2.0 41.0 46.0 50.0 55.0 59.0 64.0 68.0 72.0 77.0 81.0 86.0 90.0 95.0 99.0 103.0 108.0 112.0 117.0 121.0 125.0 130.0 134.0 139.0 143.0 147.0 152.0 156.0 160.0 165.0 169.0 173.0 177.0 182.0 186.0 190.0 195.0 199.0 204.0 208.0 212.0 217.0 221.0 225.0 229.0 234.0 238.0 243.0 247.0 251.0 256.0 260.0 264.0 269.0 273.0 277.0 281.0 286.0 290.0 294.0 299.0 303.0 307.0 312.0 316.0 320.0 324.0 329.0 333.0 337.0 341.0 346.0 350.0 354.0 358.0 362.0 367.0 371.0 375.0 379.0 383.0 387.0 392.0 395.0 400.0 404.0 408.0 413.0 417.0 421.0 425.0 429.0 434.0 438.0 442.0 446.0 450.0 455.0 459.0 462.0 16.0
540.0 522.0 519.0 517.0 515.0 513.0 510.0 508.0 505.0 503.0 501.0 498.0 496.0 493.0 491.0 489.0 486.0 484.0 482.0 479.0 477.0 474.0 472.0 470.0 467.0 465.0 463.0 460.0 458.0 455.0 453.0 451.0 448.0 446.0 443.0 441.0 439.0 436.0 434.0 432.0 429.0 427.0 425.0 422.0 420.0 418.0 415.0 413.0 410.0 408.0 406.0 404.0 401.0 399.0 397.0 394.0 392.0 389.0 387.0 384.0 382.0 380.0 377.0 375.0 373.0 370.0 368.0 365.0 363.0 361.0 358.0 355.0 353.0 351.0 348.0 345.0 343.0 341.0 338.0 336.0 333.0 330.0 328.0 325.0 323.0 320.0 318.0 315.0 313.0 310.0 308.0 305.0 303.0 300.0 298.0 295.0 293.0 290.0 287.0 285.0 2.0 43.0 48.0 53.0 57.0 62.0 67.0 71.0 76.0 81.0 85.0 90.0 95.0 99.0 104.0 109.0 113.0 118.0 123.0 127.0 132.0 136.0 141.0 146.0 150.0 155.0 160.0 164.0 169.0 173.0 178.0 183.0 187.0 192.0 197.0 201.0 206.0 210.0 215.0 220.0 224.0 229.0 233.0 238.0 243.0 247.0 252.0 257.0 261.0 266.0 270.0 275.0 279.0 284.0 288.0 293.0 297.0 302.0 307.0 311.0 316.0 320.0 325.0 329.0 334.0 339.0 343.0 348.0 352.0 357.0 361.0 365.0 370.0 375.0 379.0 383.0 388.0 392.0 397.0 401.0 405.0 410.0 414.0 418.0 423.0 428.0 432.0 436.0 441.0 445.0 450.0 454.0 459.0 463.0 467.0 472.0 476.0 481.0 485.0 489.0 17.0
540.0 530.0 529.0 527.0 526.0 525.0 524.0 522.0 521.0 520.0 518.0 517.0 515.0 514.0 513.0 512.0 510.0 509.0 508.0 507.0 505.0 504.0 503.0 501.0 500.0 499.0 497.0 496.0 495.0 493.0 492.0 491.0 489.0 488.0 487.0 485.0 484.0 483.0 482.0 480.0 479.0 478.0 476.0 475.0 474.0 473.0 471.0 470.0 469.0 467.0 466.0 465.0 463.0 462.0 461.0 459.0 458.0 457.0 455.0 454.0 453.0 451.0 450.0 449.0 447.0 446.0 444.0 443.0 442.0 440.0 439.0 437.0 436.0 434.0 433.0 431.0 429.0 428.0 427.0 425.0 423.0 422.0 420.0 419.0 417.0 415.0 414.0 412.0 411.0 409.0 408.0 406.0 404.0 403.0 401.0 400.0 398.0 396.0 395.0 393.0 2.0 44.0 49.0 54.0 58.0 63.0 68.0 73.0 78.0 82.0 87.0 92.0 97.0 102.0 107.0 111.0 116.0 120.0 125.0 130.0 135.0 139.0 144.0 149.0 154.0 158.0 163.0 168.0 173.0 177.0 182.0 187.0 191.0 196.0 201.0 206.0 210.0 215.0 220.0 224.0 229.0 234.0 239.0 243.0 248.0 253.0 258.0 262.0 267.0 272.0 276.0 281.0 286.0 291.0 295.0 300.0 304.0 310.0 314.0 319.0 324.0 328.0 333.0 338.0 343.0 347.0 352.0 357.0 361.0 366.0 371.0 375.0 380.0 385.0 389.0 394.0 399.0 403.0 408.0 412.0 417.0 422.0 426.0 431.0 436.0 440.0 445.0 450.0 454.0 459.0 464.0 469.0 473.0 478.0 482.0 487.0 492.0 496.0 501.0 505.0 18.0
540.0 537.0 537.0 536.0 536.0 535.0 535.0 535.0 534.0 534.0 533.0 533.0 533.0 532.0 532.0 532.0 531.0 531.0 531.0 530.0 530.0 530.0 529.0 529.0 528.0 528.0 528.0 528.0 527.0 527.0 527.0 526.0 526.0 526.0 525.0 525.0 524.0 524.0 524.0 524.0 523.0 523.0 523.0 523.0 523.0 522.0 522.0 522.0 521.0 521.0 521.0 521.0 521.0 520.0 520.0 520.0 519.0 519.0 519.0 519.0 519.0 518.0 518.0 518.0 518.0 517.0 517.0 517.0 516.0 516.0 516.0 516.0 515.0 515.0 515.0 514.0 514.0 514.0 513.0 512.0 512.0 512.0 511.0 511.0 511.0 510.0 510.0 510.0 509.0 509.0 509.0 508.0 508.0 508.0 508.0 508.0 507.0 507.0 507.0 507.0 2.0 45.0 50.0 55.0 60.0 65.0 70.0 75.0 80.0 84.0 89.0 94.0 99.0 104.0 109.0 114.0 118.0 123.0 128.0 133.0 138.0 143.0 148.0 153.0 157.0 162.0 167.0 172.0 177.0 182.0 187.0 191.0 196.0 201.0 206.0 211.0 215.0 220.0 225.0 230.0 235.0 239.0 244.0 249.0 254.0 259.0 263.0 268.0 273.0 278.0 283.0 287.0 292.0 297.0 302.0 307.0 311.0 316.0 321.0 326.0 331.0 335.0 340.0 345.0 350.0 354.0 359.0 364.0 369.0 374.0 378.0 383.0 388.0 392.0 397.0 402.0 406.0 411.0 416.0 421.0 425.0 430.0 435.0 440.0 445.0 449.0 454.0 459.0 463.0 468.0 473.0 478.0 482.0 487.0 491.0 496.0 501.0 505.0 509.0 514.0 19.0
540.0 544.0 544.0 545.0 545.0 545.0 546.0 547.0 547.0 548.0 548.0 549.0 550.0 550.0 551.0 551.0 552.0 553.0 554.0 554.0 555.0 556.0 556.0 557.0 557.0 558.0 559.0 560.0 560.0 561.0 562.0 563.0 563.0 564.0 565.0 566.0 566.0 567.0 568.0 569.0 570.0 571.0 572.0 573.0 573.0 574.0 575.0 576.0 577.0 578.0 579.0 580.0 581.0 582.0 583.0 584.0 585.0 586.0 587.0 587.0 589.0 590.0 591.0 592.0 592.0 593.0 595.0 595.0 596.0 598.0 598.0 599.0 600.0 601.0 602.0 603.0 603.0 605.0 605.0 606.0 607.0 608.0 609.0 610.0 611.0 612.0 613.0 614.0 615.0 616.0 617.0 618.0 619.0 620.0 621.0 622.0 624.0 625.0 626.0 627.0 2.0 45.0 50.0 55.0 60.0 65.0 70.0 75.0 80.0 85.0 90.0 95.0 99.0 104.0 109.0 114.0 119.0 123.0 128.0 133.0 138.0 143.0 148.0 152.0 157.0 162.0 167.0 171.0 176.0 181.0 186.0 191.0 195.0 200.0 205.0 210.0 214.0 219.0 224.0 229.0 233.0 238.0 243.0 247.0 252.0 257.0 262.0 266.0 271.0 276.0 281.0 285.0 290.0 295.0 299.0 304.0 308.0 314.0 318.0 323.0 327.0 332.0 337.0 341.0 346.0 351.0 355.0 360.0 365.0 369.0 374.0 379.0 383.0 388.0 393.0 397.0 402.0 406.0 411.0 416.0 420.0 425.0 430.0 434.0 439.0 443.0 448.0 453.0 457.0 462.0 466.0 471.0 475.0 480.0 484.0 489.0 493.0 497.0 501.0 505.0 20.0
540.0 552.0 553.0 554.0 556.0 557.0 559.0 561.0 562.0 564.0 565.0 567.0 569.0 570.0 572.0 574.0 575.0 577.0 579.0 581.0 582.0 584.0 586.0 587.0 589.0 591.0 593.0 595.0 596.0 598.0 600.0 602.0 603.0 605.0 607.0 609.0 611.0 613.0 614.0 616.0 618.0 620.0 622.0 624.0 626.0 628.0 630.0 632.0 633.0 635.0 637.0 640.0 641.0 643.0 645.0 647.0 649.0 651.0 653.0 655.0 657.0 659.0 661.0 663.0 665.0 666.0 669.0 671.0 673.0 674.0 676.0 678.0 680.0 682.0 684.0 686.0 688.0 690.0 691.0 693.0 695.0 697.0 699.0 701.0 703.0 705.0 707.0 709.0 711.0 712.0 715.0 717.0 718.0 721.0 723.0 725.0 727.0 729.0 731.0 733.0 2.0 44.0 49.0 53.0 58.0 63.0 68.0 72.0 77.0 81.0 86.0 91.0 95.0 100.0 105.0 109.0 114.0 118.0 123.0 127.0 132.0 136.0 141.0 146.0 150.0 155.0 159.0 164.0 168.0 173.0 177.0 182.0 186.0 191.0 195.0 200.0 204.0 209.0 213.0 218.0 222.0 227.0 231.0 235.0 240.0 244.0 249.0 253.0 258.0 262.0 267.0 271.0 275.0 280.0 284.0 289.0 293.0 297.0 302.0 306.0 311.0 315.0 319.0 324.0 328.0 333.0 337.0 341.0 346.0 350.0 355.0 359.0 363.0 368.0 372.0 377.0 381.0 386.0 390.0 394.0 399.0 403.0 408.0 412.0 417.0 421.0 426.0 430.0 434.0 439.0 443.0 447.0 452.0 456.0 460.0 464.0 468.0 472.0 476.0 480.0 21.0
540.0 558.0 561.0 563.0 565.0 567.0 570.0 572.0 575.0 577.0 580.0 582.0 585.0 588.0 590.0 593.0 595.0 598.0 601.0 603.0 606.0 608.0 611.0 613.0 616.0 619.0 622.0 624.0 627.0 629.0 632.0 635.0 638.0 640.0 643.0 646.0 648.0 651.0 654.0 657.0 659.0 662.0 664.0 668.0 670.0 673.0 676.0 679.0 681.0 684.0 687.0 690.0 693.0 695.0 698.0 701.0 704.0 706.0 709.0 712.0 715.0 718.0 721.0 724.0 726.0 729.0 732.0 735.0 737.0 740.0 743.0 746.0 748.0 751.0 754.0 757.0 759.0 762.0 764.0 767.0 770.0 773.0 776.0 778.0 781.0 784.0 786.0 789.0 792.0 795.0 798.0 800.0 803.0 806.0 809.0 811.0 814.0 817.0 820.0 823.0 2.0 43.0 47.0 52.0 56.0 61.0 66.0 70.0 74.0 79.0 83.0 88.0 92.0 96.0 101.0 105.0 109.0 113.0 118.0 122.0 126.0 130.0 134.0 139.0 143.0 147.0 151.0 156.0 160.0 164.0 168.0 172.0 177.0 181.0 185.0 189.0 193.0 198.0 201.0 205.0 210.0 214.0 218.0 222.0 226.0 230.0 234.0 238.0 242.0 246.0 251.0 254.0 258.0 263.0 267.0 271.0 275.0 279.0 283.0 287.0 291.0 295.0 299.0 303.0 308.0 312.0 316.0 320.0 324.0 328.0 332.0 336.0 340.0 345.0 349.0 353.0 357.0 361.0 365.0 369.0 374.0 378.0 382.0 386.0 391.0 395.0 399.0 403.0 408.0 412.0 416.0 420.0 424.0 428.0 432.0 436.0 440.0 444.0 448.0 452.0 22.0
540.0 563.0 566.0 569.0 572.0 575.0 578.0 581.0 584.0 587.0 590.0 593.0 597.0 600.0 603.0 606.0 610.0 613.0 616.0 619.0 623.0 626.0 629.0 632.0 636.0 639.0 642.0 645.0 649.0 652.0 655.0 659.0 662.0 665.0 669.0 672.0 675.0 679.0 682.0 685.0 689.0 692.0 696.0 699.0 702.0 706.0 709.0 713.0 716.0 719.0 723.0 726.0 730.0 733.0 737.0 740.0 744.0 747.0 750.0 754.0 757.0 760.0 764.0 767.0 771.0 774.0 778.0 781.0 785.0 788.0 791.0 795.0 798.0 801.0 805.0 808.0 812.0 815.0 818.0 821.0 825.0 828.0 832.0 835.0 838.0 842.0 845.0 849.0 852.0 855.0 859.0 862.0 866.0 869.0 873.0 876.0 880.0 883.0 886.0 890.0 2.0 42.0 47.0 51.0 56.0 60.0 64.0 69.0 73.0 77.0 82.0 86.0 90.0 94.0 98.0 102.0 106.0 110.0 114.0 119.0 123.0 127.0 131.0 135.0 139.0 143.0 147.0 151.0 155.0 159.0 163.0 166.0 170.0 174.0 178.0 183.0 186.0 190.0 194.0 198.0 202.0 206.0 210.0 213.0 217.0 221.0 225.0 228.0 233.0 236.0 240.0 244.0 248.0 252.0 255.0 259.0 263.0 267.0 271.0 274.0 279.0 282.0 286.0 290.0 294.0 298.0 301.0 305.0 309.0 313.0 317.0 321.0 325.0 329.0 332.0 336.0 340.0 344.0 348.0 352.0 356.0 360.0 364.0 368.0 372.0 376.0 380.0 383.0 387.0 391.0 395.0 399.0 403.0 407.0 410.0 414.0 418.0 421.0 425.0 429.0 23.0
540.0 565.0 568.0 572.0 575.0 578.0 582.0 585.0 588.0 592.0 595.0 599.0 602.0 606.0 609.0 613.0 617.0 620.0 624.0 628.0 631.0 635.0 639.0 642.0 646.0 650.0 654.0 657.0 661.0 665.0 668.0 672.0 676.0 679.0 683.0 687.0 691.0 694.0 698.0 702.0 706.0 710.0 713.0 717.0 721.0 725.0 729.0 732.0 736.0 740.0 744.0 748.0 752.0 756.0 760.0 763.0 767.0 771.0 775.0 779.0 783.0 787.0 791.0 795.0 798.0 802.0 806.0 810.0 814.0 818.0 822.0 826.0 829.0 833.0 837.0 841.0 845.0 849.0 852.0 856.0 860.0 864.0 868.0 872.0 876.0 879.0 883.0 887.0 891.0 895.0 899.0 903.0 907.0 911.0 915.0 919.0 923.0 926.0 931.0 935.0 2.0 43.0 47.0 52.0 56.0 61.0 65.0 69.0 74.0 78.0 82.0 87.0 91.0 95.0 99.0 104.0 107.0 112.0 116.0 120.0 124.0 128.0 132.0 136.0 140.0 144.0 147.0 151.0 155.0 159.0 163.0 167.0 171.0 175.0 178.0 183.0 186.0 190.0 194.0 198.0 201.0 205.0 209.0 212.0 216.0 220.0 224.0 227.0 231.0 235.0 238.0 242.0 245.0 249.0 253.0 256.0 260.0 264.0 267.0 271.0 275.0 278.0 282.0 285.0 289.0 293.0 296.0 300.0 303.0 307.0 311.0 314.0 318.0 321.0 325.0 329.0 333.0 336.0 340.0 344.0 347.0 351.0 355.0 358.0 362.0 365.0 369.0 372.0 376.0 380.0 383.0 387.0 390.0 393.0 397.0 401.0 404.0 407.0 410.0 414.0 24.0
540.0 565.0 568.0 571.0 575.0 578.0 581.0 585.0 589.0 592.0 595.0 599.0 603.0 606.0 610.0 614.0 618.0 621.0 625.0 629.0 633.0 637.0 640.0 644.0 648.0 652.0 656.0 660.0 664.0 667.0 671.0 675.0 679.0 683.0 687.0 691.0 695.0 699.0 703.0 707.0 711.0 715.0 719.0 723.0 728.0 732.0 736.0 740.0 744.0 748.0 752.0 756.0 760.0 765.0 769.0 773.0 777.0 781.0 785.0 790.0 793.0 798.0 802.0 806.0 810.0 814.0 819.0 823.0 827.0 831.0 835.0 839.0 843.0 847.0 852.0 856.0 860.0 864.0 868.0 872.0 877.0 881.0 885.0 889.0 893.0 898.0 902.0 906.0 910.0 914.0 919.0 923.0 927.0 932.0 936.0 940.0 944.0 949.0 953.0 957.0 2.0 43.0 48.0 52.0 57.0 61.0 66.0 70.0 75.0 79.0 83.0 88.0 92.0 96.0 101.0 105.0 109.0 113.0 117.0 122.0 126.0 130.0 134.0 138.0 142.0 146.0 150.0 154.0 159.0 163.0 167.0 170.0 174.0 178.0 182.0 186.0 190.0 194.0 198.0 201.0 205.0 209.0 212.0 216.0 220.0 224.0 227.0 231.0 234.0 238.0 242.0 245.0 249.0 253.0 256.0 260.0 263.0 267.0 270.0 274.0 277.0 281.0 284.0 288.0 291.0 295.0 298.0 301.0 305.0 309.0 312.0 315.0 319.0 322.0 326.0 329.0 333.0 336.0 340.0 343.0 347.0 350.0 354.0 357.0 360.0 364.0 367.0 371.0 374.0 377.0 380.0 384.0 387.0 390.0 394.0 397.0 400.0 403.0 406.0 409.0 25.0
540.0 565.0 568.0 571.0 574.0 577.0 581.0 584.0 588.0 591.0 594.0 598.0 602.0 605.0 609.0 612.0 616.0 620.0 623.0 627.0 631.0 635.0 638.0 642.0 646.0 650.0 654.0 658.0 661.0 665.0 669.0 673.0 677.0 681.0 685.0 689.0 693.0 697.0 701.0 705.0 709.0 713.0 717.0 721.0 725.0 729.0 734.0 737.0 741.0 746.0 750.0 754.0 758.0 762.0 767.0 771.0 775.0 779.0 783.0 788.0 791.0 796.0 800.0 804.0 809.0 813.0 817.0 821.0 826.0 830.0 834.0 838.0 842.0 846.0 851.0 855.0 859.0 864.0 867.0 872.0 876.0 880.0 885.0 889.0 893.0 897.0 902.0 906.0 910.0 915.0 919.0 923.0 928.0 932.0 936.0 941.0 945.0 950.0 954.0 958.0 2.0 43.0 48.0 52.0 57.0 62.0 66.0 70.0 75.0 79.0 84.0 88.0 93.0 97.0 101.0 106.0 110.0 114.0 119.0 123.0 127.0 131.0 135.0 140.0 144.0 148.0 152.0 156.0 161.0 164.0 168.0 173.0 177.0 181.0 185.0 189.0 193.0 196.0 201.0 205.0 208.0 212.0 216.0 220.0 224.0 228.0 231.0 235.0 239.0 243.0 246.0 250.0 254.0 258.0 261.0 265.0 269.0 272.0 276.0 280.0 283.0 287.0 290.0 294.0 297.0 301.0 304.0 308.0 312.0 315.0 319.0 322.0 325.0 329.0 333.0 336.0 340.0 343.0 347.0 350.0 354.0 357.0 361.0 364.0 368.0 371.0 375.0 378.0 381.0 385.0 388.0 391.0 395.0 398.0 401.0 404.0 407.0 410.0 414.0 417.0 26.0
540.0 565.0 568.0 571.0 574.0 578.0 581.0 584.0 588.0 591.0 594.0 598.0 602.0 605.0 609.0 612.0 616.0 619.0 623.0 627.0 630.0 634.0 638.0 641.0 645.0 649.0 653.0 656.0 660.0 664.0 668.0 671.0 675.0 679.0 683.0 686.0 690.0 694.0 698.0 702.0 706.0 710.0 714.0 718.0 722.0 726.0 730.0 734.0 738.0 742.0 746.0 750.0 754.0 758.0 762.0 766.0 770.0 774.0 778.0 782.0 786.0 790.0 794.0 798.0 802.0 806.0 811.0 814.0 818.0 822.0 827.0 831.0 834.0 838.0 843.0 847.0 850.0 855.0 858.0 863.0 866.0 871.0 875.0 879.0 883.0 887.0 891.0 895.0 899.0 903.0 907.0 911.0 916.0 920.0 924.0 928.0 932.0 937.0 941.0 946.0 2.0 43.0 48.0 52.0 57.0 62.0 66.0 71.0 75.0 80.0 84.0 89.0 93.0 98.0 102.0 107.0 111.0 115.0 120.0 124.0 128.0 133.0 137.0 141.0 146.0 150.0 154.0 158.0 163.0 167.0 171.0 175.0 180.0 184.0 188.0 192.0 196.0 201.0 205.0 209.0 213.0 217.0 221.0 225.0 229.0 233.0 237.0 241.0 245.0 249.0 253.0 257.0 261.0 265.0 269.0 273.0 277.0 281.0 285.0 289.0 292.0 296.0 300.0 304.0 308.0 312.0 315.0 319.0 323.0 327.0 331.0 335.0 338.0 342.0 346.0 350.0 354.0 358.0 362.0 366.0 369.0 373.0 377.0 381.0 385.0 389.0 392.0 396.0 400.0 403.0 407.0 411.0 414.0 418.0 421.0 425.0 428.0 431.0 435.0 438.0 27.0
540.0 564.0 567.0 570.0 573.0 576.0 579.0 583.0 586.0 589.0 592.0 596.0 599.0 602.0 606.0 609.0 613.0 616.0 619.0 623.0 626.0 630.0 633.0 637.0 640.0 643.0 647.0 650.0 654.0 657.0 661.0 664.0 668.0 671.0 675.0 679.0 682.0 685.0 689.0 693.0 696.0 700.0 703.0 707.0 710.0 714.0 718.0 721.0 725.0 728.0 732.0 736.0 739.0 743.0 747.0 750.0 754.0 757.0 761.0 764.0 768.0 771.0 775.0 778.0 782.0 785.0 789.0 792.0 796.0 799.0 803.0 806.0 809.0 813.0 816.0 820.0 823.0 827.0 830.0 833.0 836.0 840.0 843.0 846.0 850.0 853.0 856.0 860.0 863.0 866.0 870.0 873.0 876.0 880.0 883.0 887.0 890.0 893.0 897.0 901.0 2.0 43.0 48.0 52.0 57.0 62.0 67.0 71.0 76.0 80.0 85.0 90.0 94.0 99.0 103.0 108.0 112.0 117.0 121.0 126.0 130.0 135.0 139.0 144.0 148.0 153.0 157.0 162.0 166.0 171.0 175.0 179.0 184.0 188.0 193.0 197.0 201.0 206.0 210.0 215.0 218.0 223.0 227.0 232.0 236.0 240.0 245.0 249.0 253.0 257.0 262.0 266.0 270.0 274.0 278.0 283.0 287.0 291.0 295.0 300.0 304.0 308.0 312.0 317.0 321.0 325.0 329.0 334.0 338.0 342.0 346.0 351.0 355.0 359.0 363.0 368.0 372.0 376.0 380.0 385.0 389.0 393.0 398.0 402.0 406.0 411.0 415.0 419.0 423.0 427.0 431.0 436.0 440.0 444.0 448.0 452.0 456.0 459.0 463.0 467.0 28.0
540.0 560.0 562.0 565.0 567.0 570.0 572.0 575.0 577.0 580.0 582.0 585.0 588.0 590.0 593.0 595.0 599.0 601.0 604.0 607.0 609.0 612.0 615.0 618.0 620.0 623.0 626.0 628.0 631.0 634.0 637.0 639.0 642.0 645.0 648.0 650.0 653.0 656.0 658.0 661.0 664.0 667.0 670.0 672.0 675.0 678.0 681.0 684.0 687.0 689.0 692.0 695.0 698.0 701.0 703.0 706.0 709.0 712.0 714.0 717.0 720.0 723.0 725.0 728.0 731.0 734.0 737.0 739.0 742.0 745.0 747.0 750.0 752.0 755.0 758.0 760.0 763.0 766.0 768.0 771.0 773.0 776.0 778.0 781.0 784.0 786.0 789.0 791.0 794.0 796.0 799.0 802.0 804.0 807.0 810.0 812.0 815.0 817.0 820.0 823.0 2.0 44.0 49.0 54.0 58.0 63.0 68.0 73.0 77.0 82.0 87.0 92.0 97.0 101.0 106.0 111.0 115.0 120.0 125.0 129.0 134.0 138.0 143.0 148.0 153.0 157.0 162.0 166.0 171.0 176.0 181.0 185.0 189.0 194.0 199.0 203.0 208.0 212.0 217.0 222.0 226.0 231.0 235.0 240.0 244.0 249.0 254.0 258.0 262.0 267.0 272.0 276.0 280.0 285.0 289.0 294.0 298.0 303.0 307.0 312.0 317.0 321.0 325.0 330.0 335.0 339.0 343.0 348.0 352.0 357.0 361.0 366.0 370.0 375.0 379.0 384.0 389.0 393.0 398.0 402.0 407.0 411.0 416.0 420.0 425.0 430.0 434.0 438.0 443.0 447.0 452.0 456.0 461.0 465.0 469.0 474.0 478.0 482.0 487.0 491.0 29.0
540.0 551.0 553.0 554.0 556.0 557.0 559.0 560.0 562.0 563.0 565.0 566.0 568.0 569.0 571.0 572.0 574.0 576.0 578.0 579.0 581.0 582.0 584.0 586.0 587.0 589.0 591.0 592.0 594.0 596.0 598.0 599.0 601.0 603.0 605.0 606.0 608.0 609.0 612.0 613.0 615.0 617.0 619.0 621.0 622.0 624.0 626.0 628.0 630.0 632.0 634.0 636.0 638.0 640.0 642.0 644.0 646.0 648.0 650.0 652.0 653.0 655.0 657.0 659.0 661.0 663.0 665.0 667.0 669.0 671.0 673.0 675.0 676.0 678.0 680.0 682.0 684.0 686.0 688.0 689.0 691.0 693.0 695.0 697.0 698.0 700.0 702.0 704.0 706.0 708.0 710.0 711.0 713.0 715.0 717.0 719.0 721.0 723.0 725.0 727.0 2.0 44.0 49.0 54.0 59.0 64.0 68.0 73.0 78.0 83.0 88.0 93.0 97.0 102.0 107.0 111.0 116.0 121.0 126.0 130.0 135.0 140.0 145.0 149.0 154.0 158.0 163.0 168.0 173.0 178.0 182.0 187.0 192.0 196.0 201.0 206.0 211.0 215.0 220.0 225.0 230.0 234.0 239.0 244.0 249.0 253.0 258.0 263.0 267.0 272.0 277.0 281.0 286.0 291.0 296.0 300.0 305.0 310.0 314.0 319.0 324.0 329.0 333.0 338.0 343.0 348.0 352.0 357.0 361.0 367.0 371.0 376.0 381.0 385.0 390.0 395.0 400.0 404.0 409.0 414.0 419.0 423.0 428.0 433.0 438.0 442.0 447.0 452.0 456.0 461.0 466.0 471.0 475.0 480.0 484.0 489.0 493.0 498.0 503.0 507.0 30.0
540.0 544.0 545.0 545.0 546.0 547.0 547.0 547.0 548.0 549.0 549.0 550.0 550.0 551.0 552.0 552.0 553.0 554.0 554.0 555.0 556.0 556.0 557.0 558.0 558.0 559.0 560.0 560.0 561.0 561.0 562.0 563.0 564.0 564.0 565.0 565.0 566.0 567.0 568.0 568.0 569.0 570.0 571.0 571.0 572.0 573.0 574.0 574.0 575.0 576.0 577.0 578.0 578.0 579.0 580.0 581.0 582.0 583.0 583.0 585.0 585.0 586.0 587.0 588.0 588.0 589.0 590.0 591.0 592.0 593.0 594.0 594.0 595.0 596.0 597.0 598.0 598.0 599.0 600.0 601.0 601.0 602.0 603.0 604.0 605.0 606.0 606.0 607.0 608.0 609.0 610.0 611.0 612.0 613.0 614.0 615.0 616.0 616.0 617.0 618.0 2.0 44.0 50.0 55.0 60.0 64.0 69.0 74.0 79.0 84.0 89.0 94.0 98.0 103.0 108.0 113.0 118.0 123.0 128.0 132.0 137.0 142.0 147.0 152.0 156.0 161.0 166.0 171.0 176.0 180.0 185.0 190.0 195.0 200.0 204.0 209.0 214.0 219.0 224.0 229.0 233.0 238.0 243.0 248.0 253.0 257.0 262.0 267.0 272.0 277.0 281.0 286.0 291.0 296.0 301.0 305.0 310.0 315.0 320.0 324.0 330.0 334.0 339.0 344.0 349.0 354.0 358.0 363.0 368.0 373.0 378.0 383.0 387.0 392.0 397.0 402.0 407.0 411.0 416.0 421.0 426.0 431.0 436.0 440.0 445.0 450.0 455.0 460.0 465.0 469.0 474.0 480.0 484.0 489.0 494.0 498.0 503.0 508.0 513.0 517.0 31.0
540.0 538.0 537.0 537.0 537.0 536.0 536.0 536.0 536.0 535.0 535.0 535.0 534.0 534.0 534.0 533.0 534.0 533.0 533.0 533.0 532.0 532.0 532.0 532.0 531.0 531.0 531.0 531.0 531.0 530.0 530.0 530.0 529.0 529.0 529.0 529.0 529.0 528.0 528.0 528.0 527.0 528.0 527.0 527.0 527.0 527.0 527.0 527.0 526.0 526.0 526.0 526.0 525.0 525.0 525.0 525.0 525.0 524.0 524.0 524.0 524.0 524.0 523.0 523.0 523.0 523.0 522.0 522.0 522.0 522.0 521.0 521.0 520.0 520.0 520.0 519.0 519.0 518.0 518.0 517.0 517.0 516.0 516.0 516.0 515.0 515.0 514.0 514.0 514.0 513.0 513.0 512.0 512.0 511.0 511.0 510.0 510.0 509.0 509.0 508.0 2.0 45.0 50.0 55.0 60.0 65.0 69.0 74.0 79.0 84.0 89.0 94.0 99.0 103.0 108.0 113.0 118.0 123.0 128.0 133.0 137.0 142.0 147.0 152.0 157.0 162.0 166.0 171.0 176.0 181.0 186.0 191.0 195.0 200.0 205.0 210.0 215.0 220.0 225.0 230.0 234.0 239.0 244.0 249.0 254.0 258.0 263.0 268.0 273.0 278.0 283.0 287.0 292.0 297.0 302.0 307.0 311.0 316.0 321.0 326.0 331.0 335.0 340.0 345.0 350.0 355.0 359.0 364.0 369.0 374.0 378.0 383.0 388.0 393.0 398.0 402.0 407.0 412.0 417.0 421.0 426.0 430.0 436.0 440.0 445.0 450.0 455.0 459.0 464.0 468.0 473.0 478.0 483.0 487.0 492.0 496.0 501.0 506.0 510.0 515.0 32.0
540.0 532.0 531.0 530.0 529.0 528.0 527.0 526.0 525.0 523.0 523.0 521.0 520.0 519.0 518.0 517.0 516.0 514.0 513.0 513.0 511.0 510.0 509.0 508.0 507.0 505.0 504.0 503.0 502.0 501.0 499.0 498.0 497.0 496.0 495.0 493.0 492.0 491.0 490.0 489.0 487.0 486.0 485.0 484.0 483.0 481.0 480.0 479.0 478.0 476.0 475.0 474.0 473.0 471.0 470.0 469.0 468.0 466.0 465.0 464.0 462.0 461.0 459.0 458.0 457.0 455.0 454.0 452.0 451.0 450.0 448.0 446.0 445.0 444.0 442.0 441.0 439.0 437.0 436.0 434.0 432.0 431.0 429.0 428.0 426.0 425.0 423.0 422.0 420.0 418.0 417.0 415.0 414.0 412.0 411.0 409.0 407.0 405.0 404.0 402.0 2.0 44.0 49.0 54.0 59.0 64.0 68.0 73.0 78.0 83.0 88.0 93.0 98.0 102.0 107.0 112.0 117.0 122.0 126.0 131.0 136.0 140.0 145.0 150.0 155.0 159.0 164.0 169.0 174.0 178.0 183.0 188.0 193.0 197.0 202.0 207.0 211.0 216.0 221.0 226.0 230.0 235.0 240.0 244.0 249.0 254.0 259.0 263.0 268.0 273.0 277.0 282.0 287.0 291.0 296.0 301.0 305.0 310.0 315.0 319.0 324.0 328.0 333.0 338.0 342.0 347.0 352.0 356.0 361.0 366.0 370.0 375.0 379.0 383.0 388.0 393.0 397.0 402.0 406.0 411.0 415.0 420.0 425.0 429.0 433.0 438.0 443.0 447.0 452.0 456.0 460.0 465.0 470.0 474.0 478.0 483.0 487.0 492.0 496.0 500.0 33.0
540.0 526.0 524.0 522.0 521.0 519.0 517.0 515.0 512.0 510.0 509.0 506.0 505.0 502.0 500.0 498.0 496.0 494.0 492.0 490.0 488.0 486.0 484.0 482.0 480.0 477.0 475.0 473.0 471.0 469.0 467.0 465.0 462.0 460.0 458.0 456.0 454.0 452.0 449.0 447.0 445.0 443.0 441.0 439.0 436.0 434.0 432.0 430.0 428.0 426.0 423.0 422.0 419.0 417.0 415.0 413.0 410.0 408.0 406.0 404.0 402.0 399.0 397.0 394.0 392.0 390.0 388.0 385.0 383.0 381.0 379.0 376.0 374.0 371.0 369.0 366.0 364.0 361.0 359.0 356.0 354.0 352.0 349.0 347.0 344.0 342.0 339.0 337.0 335.0 332.0 330.0 327.0 325.0 322.0 320.0 317.0 315.0 313.0 310.0 308.0 2.0 43.0 48.0 53.0 58.0 62.0 67.0 71.0 76.0 81.0 86.0 90.0 95.0 99.0 104.0 109.0 113.0 118.0 122.0 127.0 131.0 136.0 141.0 145.0 150.0 154.0 159.0 163.0 168.0 172.0 177.0 181.0 186.0 190.0 195.0 199.0 203.0 208.0 213.0 217.0 222.0 226.0 231.0 235.0 240.0 244.0 249.0 253.0 257.0 262.0 266.0 271.0 275.0 280.0 284.0 289.0 293.0 298.0 302.0 307.0 311.0 315.0 320.0 324.0 328.0 333.0 337.0 342.0 346.0 350.0 355.0 359.0 363.0 367.0 372.0 376.0 381.0 385.0 389.0 393.0 398.0 402.0 406.0 410.0 415.0 419.0 423.0 428.0 432.0 436.0 440.0 445.0 449.0 453.0 458.0 462.0 466.0 470.0 474.0 478.0 34.0
540.0 519.0 517.0 514.0 511.0 509.0 506.0 503.0 500.0 497.0 495.0 492.0 489.0 486.0 483.0 480.0 477.0 474.0 472.0 469.0 466.0 463.0 460.0 457.0 454.0 451.0 448.0 445.0 443.0 439.0 436.0 434.0 431.0 428.0 425.0 422.0 419.0 416.0 413.0 410.0 407.0 404.0 401.0 398.0 395.0 392.0 390.0 387.0 383.0 381.0 378.0 375.0 372.0 369.0 366.0 363.0 360.0 357.0 354.0 351.0 348.0 345.0 342.0 339.0 336.0 333.0 330.0 327.0 324.0 321.0 318.0 315.0 312.0 308.0 306.0 302.0 299.0 296.0 293.0 290.0 287.0 284.0 280.0 277.0 274.0 271.0 268.0 265.0 262.0 259.0 256.0 252.0 249.0 246.0 243.0 240.0 237.0 234.0 230.0 228.0 2.0 42.0 46.0 51.0 55.0 59.0 64.0 68.0 73.0 77.0 81.0 86.0 90.0 94.0 99.0 103.0 107.0 112.0 116.0 120.0 124.0 129.0 133.0 137.0 141.0 145.0 150.0 154.0 158.0 162.0 167.0 170.0 175.0 179.0 183.0 188.0 192.0 196.0 200.0 205.0 209.0 213.0 217.0 221.0 226.0 230.0 234.0 238.0 243.0 247.0 251.0 255.0 260.0 264.0 268.0 272.0 276.0 281.0 285.0 289.0 293.0 297.0 302.0 306.0 310.0 314.0 319.0 323.0 327.0 331.0 335.0 340.0 344.0 347.0 352.0 356.0 360.0 364.0 368.0 372.0 377.0 381.0 385.0 389.0 393.0 397.0 402.0 405.0 410.0 414.0 418.0 422.0 426.0 431.0 435.0 439.0 443.0 447.0 451.0 455.0 35.0
540.0 515.0 512.0 508.0 505.0 502.0 499.0 495.0 492.0 489.0 485.0 482.0 478.0 475.0 471.0 468.0 464.0 461.0 458.0 454.0 450.0 447.0 444.0 440.0 437.0 433.0 430.0 426.0 423.0 419.0 416.0 412.0 409.0 405.0 401.0 398.0 394.0 391.0 387.0 384.0 380.0 377.0 374.0 370.0 366.0 363.0 359.0 356.0 352.0 349.0 345.0 342.0 338.0 335.0 332.0 328.0 324.0 321.0 317.0 314.0 310.0 307.0 303.0 300.0 296.0 293.0 289.0 286.0 282.0 278.0 275.0 271.0 268.0 264.0 260.0 257.0 253.0 249.0 246.0 242.0 238.0 235.0 231.0 227.0 224.0 220.0 217.0 213.0 209.0 206.0 202.0 199.0 195.0 191.0 188.0 184.0 181.0 177.0 173.0 170.0 2.0 41.0 45.0 49.0 54.0 58.0 62.0 66.0 70.0 74.0 78.0 83.0 86.0 91.0 95.0 99.0 103.0 107.0 111.0 115.0 119.0 123.0 127.0 130.0 134.0 138.0 142.0 146.0 150.0 154.0 158.0 162.0 166.0 170.0 174.0 178.0 181.0 185.0 189.0 193.0 197.0 201.0 205.0 209.0 213.0 217.0 221.0 225.0 229.0 233.0 237.0 241.0 245.0 248.0 253.0 257.0 260.0 265.0 269.0 273.0 276.0 280.0 284.0 288.0 292.0 296.0 300.0 304.0 308.0 312.0 316.0 320.0 324.0 327.0 332.0 335.0 339.0 343.0 347.0 351.0 355.0 359.0 362.0 366.0 370.0 374.0 378.0 382.0 386.0 390.0 393.0 397.0 401.0 405.0 409.0 413.0 417.0 421.0 425.0 429.0 36.0
540.0 513.0 509.0 506.0 503.0 499.0 495.0 492.0 488.0 484.0 480.0 476.0 473.0 469.0 465.0 461.0 457.0 454.0 450.0 446.0 442.0 438.0 435.0 431.0 427.0 423.0 419.0 415.0 411.0 408.0 404.0 400.0 396.0 392.0 388.0 384.0 380.0 377.0 373.0 369.0 365.0 361.0 357.0 353.0 349.0 345.0 342.0 338.0 334.0 330.0 326.0 322.0 318.0 314.0 310.0 306.0 302.0 298.0 295.0 291.0 287.0 283.0 279.0 275.0 271.0 267.0 263.0 259.0 255.0 251.0 247.0 243.0 239.0 235.0 231.0 227.0 223.0 219.0 215.0 211.0 207.0 203.0 199.0 195.0 191.0 187.0 182.0 178.0 174.0 171.0 167.0 162.0 158.0 154.0 150.0 146.0 142.0 138.0 134.0 130.0 2.0 40.0 45.0 49.0 53.0 57.0 61.0 65.0 69.0 74.0 78.0 82.0 86.0 90.0 94.0 98.0 102.0 106.0 110.0 113.0 117.0 121.0 125.0 129.0 133.0 136.0 140.0 144.0 148.0 152.0 156.0 159.0 163.0 167.0 170.0 174.0 178.0 182.0 186.0 189.0 193.0 197.0 201.0 205.0 208.0 212.0 216.0 219.0 223.0 227.0 231.0 235.0 238.0 242.0 246.0 250.0 253.0 257.0 261.0 264.0 268.0 272.0 276.0 279.0 283.0 287.0 290.0 294.0 298.0 301.0 305.0 309.0 312.0 315.0 319.0 323.0 326.0 330.0 334.0 337.0 340.0 344.0 348.0 351.0 354.0 358.0 362.0 365.0 369.0 372.0 376.0 380.0 383.0 387.0 391.0 394.0 398.0 401.0 405.0 408.0 37.0
540.0 512.0 508.0 505.0 501.0 497.0 494.0 490.0 486.0 482.0 478.0 474.0 470.0 466.0 462.0 458.0 454.0 450.0 446.0 442.0 438.0 434.0 430.0 426.0 422.0 418.0 413.0 409.0 405.0 401.0 397.0 393.0 389.0 385.0 381.0 377.0 372.0 368.0 364.0 360.0 356.0 352.0 348.0 344.0 340.0 335.0 331.0 327.0 323.0 319.0 314.0 310.0 306.0 302.0 298.0 294.0 289.0 285.0 281.0 277.0 272.0 268.0 264.0 260.0 256.0 251.0 247.0 243.0 239.0 234.0 230.0 225.0 221.0 217.0 213.0 208.0 204.0 199.0 195.0 191.0 186.0 182.0 177.0 173.0 169.0 164.0 160.0 156.0 151.0 147.0 143.0 138.0 134.0 129.0 125.0 121.0 116.0 112.0 107.0 103.0 2.0 41.0 45.0 50.0 54.0 58.0 62.0 67.0 71.0 75.0 79.0 83.0 88.0 92.0 96.0 100.0 104.0 108.0 112.0 116.0 120.0 124.0 128.0 132.0 136.0 140.0 144.0 147.0 151.0 155.0 159.0 163.0 166.0 171.0 174.0 178.0 182.0 186.0 190.0 193.0 197.0 201.0 205.0 209.0 212.0 216.0 220.0 223.0 227.0 231.0 234.0 238.0 242.0 245.0 249.0 253.0 256.0 260.0 263.0 267.0 271.0 274.0 278.0 281.0 285.0 288.0 292.0 295.0 299.0 302.0 306.0 309.0 312.0 316.0 319.0 322.0 326.0 329.0 332.0 336.0 339.0 342.0 346.0 349.0 352.0 355.0 359.0 362.0 365.0 368.0 372.0 375.0 378.0 382.0 385.0 388.0 392.0 395.0 398.0 401.0 38.0
540.0 512.0 509.0 505.0 501.0 497.0 493.0 489.0 485.0 482.0 478.0 474.0 470.0 466.0 462.0 458.0 454.0 449.0 445.0 441.0 437.0 433.0 429.0 425.0 421.0 417.0 412.0 408.0 404.0 400.0 396.0 391.0 387.0 383.0 379.0 375.0 370.0 366.0 362.0 358.0 353.0 349.0 345.0 341.0 337.0 332.0 328.0 324.0 320.0 315.0 311.0 307.0 302.0 298.0 294.0 289.0 285.0 281.0 276.0 272.0 267.0 263.0 259.0 255.0 250.0 246.0 241.0 237.0 232.0 228.0 223.0 219.0 214.0 210.0 205.0 201.0 196.0 191.0 187.0 182.0 178.0 173.0 169.0 164.0 160.0 155.0 150.0 146.0 141.0 137.0 132.0 128.0 123.0 118.0 114.0 109.0 105.0 100.0 96.0 91.0 2.0 41.0 46.0 50.0 55.0 59.0 63.0 68.0 72.0 76.0 81.0 85.0 89.0 94.0 98.0 102.0 106.0 110.0 115.0 119.0 123.0 127.0 131.0 135.0 139.0 143.0 147.0 151.0 155.0 159.0 163.0 167.0 171.0 175.0 179.0 183.0 187.0 191.0 195.0 198.0 202.0 206.0 210.0 214.0 218.0 222.0 226.0 229.0 233.0 237.0 241.0 245.0 248.0 252.0 256.0 259.0 263.0 267.0 270.0 274.0 278.0 281.0 285.0 288.0 292.0 295.0 299.0 302.0 306.0 309.0 312.0 316.0 319.0 322.0 325.0 329.0 332.0 335.0 339.0 342.0 345.0 348.0 351.0 354.0 357.0 361.0 364.0 367.0 370.0 373.0 377.0 380.0 383.0 386.0 389.0 392.0 396.0 399.0 402.0 405.0 39.0
540.0 513.0 509.0 505.0 502.0 498.0 494.0 490.0 487.0 483.0 479.0 475.0 471.0 467.0 463.0 459.0 455.0 451.0 447.0 443.0 439.0 435.0 431.0 427.0 423.0 419.0 415.0 411.0 407.0 403.0 398.0 394.0 390.0 386.0 382.0 378.0 374.0 369.0 365.0 361.0 357.0 352.0 348.0 344.0 340.0 336.0 332.0 327.0 323.0 319.0 314.0 310.0 306.0 302.0 298.0 293.0 289.0 285.0 280.0 276.0 272.0 267.0 263.0 259.0 254.0 250.0 246.0 241.0 237.0 232.0 228.0 223.0 219.0 214.0 210.0 205.0 201.0 196.0 192.0 187.0 183.0 178.0 174.0 169.0 165.0 160.0 156.0 151.0 147.0 142.0 138.0 133.0 129.0 124.0 120.0 115.0 110.0 106.0 102.0 97.0 2.0 41.0 46.0 50.0 55.0 59.0 63.0 68.0 72.0 77.0 81.0 85.0 89.0 94.0 98.0 102.0 107.0 111.0 115.0 119.0 123.0 128.0 132.0 136.0 140.0 144.0 148.0 152.0 157.0 160.0 165.0 169.0 173.0 177.0 181.0 185.0 189.0 193.0 197.0 201.0 205.0 209.0 213.0 217.0 221.0 225.0 229.0 233.0 237.0 241.0 245.0 248.0 253.0 256.0 260.0 264.0 268.0 271.0 275.0 279.0 283.0 286.0 290.0 294.0 298.0 301.0 305.0 308.0 312.0 315.0 319.0 322.0 326.0 329.0 333.0 336.0 339.0 343.0 347.0 350.0 353.0 356.0 360.0 363.0 366.0 370.0 373.0 376.0 380.0 383.0 387.0 390.0 393.0 397.0 400.0 403.0 407.0 410.0 413.0 417.0 40.0
540.0 512.0 509.0 505.0 501.0 498.0 494.0 490.0 487.0 483.0 479.0 475.0 471.0 467.0 464.0 460.0 456.0 452.0 448.0 444.0 440.0 436.0 432.0 429.0 425.0 421.0 417.0 413.0 409.0 405.0 401.0 397.0 393.0 389.0 385.0 381.0 377.0 373.0 369.0 365.0 361.0 357.0 353.0 349.0 345.0 341.0 337.0 333.0 330.0 325.0 321.0 317.0 313.0 310.0 306.0 301.0 297.0 293.0 290.0 285.0 281.0 277.0 274.0 269.0 265.0 261.0 257.0 253.0 249.0 245.0 241.0 237.0 233.0 229.0 225.0 220.0 216.0 212.0 208.0 204.0 200.0 196.0 192.0 187.0 183.0 179.0 175.0 171.0 167.0 163.0 159.0 154.0 150.0 146.0 142.0 138.0 134.0 130.0 126.0 122.0 2.0 41.0 45.0 50.0 54.0 59.0 63.0 67.0 72.0 76.0 81.0 85.0 89.0 94.0 98.0 102.0 106.0 111.0 115.0 119.0 123.0 128.0 132.0 136.0 140.0 144.0 149.0 153.0 157.0 161.0 165.0 170.0 174.0 178.0 182.0 186.0 190.0 194.0 199.0 203.0 207.0 211.0 215.0 220.0 223.0 228.0 232.0 236.0 240.0 244.0 248.0 252.0 256.0 260.0 264.0 268.0 272.0 276.0 280.0 284.0 288.0 292.0 296.0 300.0 304.0 308.0 312.0 316.0 320.0 323.0 327.0 331.0 335.0 338.0 342.0 346.0 350.0 354.0 357.0 361.0 365.0 368.0 372.0 376.0 379.0 383.0 387.0 391.0 394.0 398.0 402.0 406.0 409.0 413.0 417.0 421.0 424.0 428.0 432.0 435.0 41.0
540.0 514.0 510.0 507.0 504.0 500.0 497.0 493.0 490.0 486.0 483.0 479.0 476.0 472.0 469.0 465.0 462.0 458.0 454.0 451.0 448.0 444.0 440.0 437.0 433.0 429.0 426.0 422.0 419.0 415.0 411.0 408.0 404.0 401.0 397.0 394.0 390.0 387.0 383.0 380.0 376.0 372.0 369.0 365.0 362.0 358.0 355.0 351.0 348.0 344.0 341.0 337.0 334.0 330.0 327.0 323.0 320.0 316.0 313.0 309.0 305.0 302.0 299.0 295.0 292.0 288.0 285.0 281.0 278.0 274.0 271.0 267.0 263.0 260.0 257.0 253.0 249.0 246.0 242.0 238.0 235.0 231.0 228.0 224.0 221.0 217.0 214.0 210.0 207.0 203.0 200.0 196.0 193.0 189.0 186.0 183.0 179.0 176.0 172.0 168.0 2.0 41.0 46.0 50.0 55.0 59.0 64.0 69.0 73.0 77.0 82.0 86.0 91.0 95.0 100.0 104.0 108.0 113.0 117.0 122.0 126.0 131.0 135.0 139.0 144.0 148.0 152.0 157.0 161.0 165.0 170.0 174.0 179.0 183.0 187.0 192.0 196.0 200.0 205.0 209.0 213.0 218.0 222.0 227.0 231.0 235.0 240.0 244.0 248.0 253.0 257.0 261.0 265.0 270.0 274.0 278.0 283.0 287.0 291.0 296.0 300.0 304.0 308.0 313.0 317.0 321.0 325.0 330.0 334.0 338.0 342.0 346.0 351.0 355.0 359.0 363.0 367.0 371.0 375.0 379.0 383.0 387.0 391.0 396.0 400.0 404.0 408.0 412.0 416.0 420.0 425.0 429.0 433.0 437.0 441.0 445.0 449.0 453.0 457.0 461.0 42.0
540.0 519.0 516.0 513.0 510.0 508.0 505.0 502.0 499.0 496.0 493.0 491.0 488.0 485.0 482.0 479.0 476.0 474.0 471.0 468.0 465.0 462.0 459.0 456.0 454.0 451.0 447.0 445.0 442.0 439.0 436.0 433.0 430.0 427.0 424.0 421.0 418.0 416.0 413.0 410.0 407.0 404.0 401.0 398.0 395.0 392.0 390.0 387.0 384.0 381.0 378.0 375.0 372.0 370.0 367.0 364.0 361.0 358.0 355.0 352.0 349.0 346.0 344.0 341.0 338.0 335.0 332.0 329.0 326.0 323.0 321.0 318.0 315.0 312.0 309.0 305.0 302.0 300.0 297.0 294.0 291.0 288.0 285.0 282.0 279.0 276.0 273.0 270.0 267.0 264.0 261.0 258.0 256.0 253.0 250.0 247.0 244.0 241.0 238.0 235.0 2.0 43.0 47.0 52.0 57.0 61.0 66.0 71.0 75.0 80.0 85.0 90.0 94.0 99.0 103.0 108.0 113.0 117.0 122.0 127.0 131.0 136.0 141.0 145.0 150.0 154.0 159.0 163.0 168.0 172.0 177.0 182.0 186.0 191.0 195.0 200.0 205.0 209.0 214.0 218.0 223.0 228.0 232.0 237.0 241.0 246.0 250.0 255.0 260.0 264.0 269.0 273.0 278.0 282.0 287.0 292.0 296.0 300.0 305.0 310.0 314.0 319.0 323.0 327.0 332.0 336.0 341.0 346.0 350.0 354.0 359.0 363.0 368.0 372.0 377.0 381.0 385.0 390.0 394.0 398.0 402.0 407.0 411.0 416.0 420.0 425.0 429.0 433.0 438.0 442.0 447.0 451.0 455.0 460.0 464.0 468.0 473.0 477.0 482.0 486.0 43.0
540.0 525.0 523.0 521.0 519.0 518.0 516.0 514.0 512.0 510.0 508.0 506.0 504.0 502.0 500.0 498.0 496.0 494.0 492.0 490.0 489.0 487.0 485.0 483.0 481.0 479.0 477.0 475.0 473.0 471.0 469.0 467.0 465.0 463.0 461.0 459.0 457.0 455.0 453.0 451.0 449.0 447.0 445.0 443.0 441.0 439.0 437.0 435.0 434.0 431.0 429.0 427.0 425.0 423.0 421.0 420.0 418.0 416.0 414.0 412.0 409.0 408.0 406.0 404.0 401.0 399.0 397.0 395.0 393.0 391.0 389.0 387.0 385.0 382.0 380.0 378.0 376.0 374.0 371.0 369.0 367.0 365.0 362.0 360.0 358.0 356.0 353.0 351.0 349.0 347.0 344.0 342.0 340.0 338.0 335.0 333.0 331.0 328.0 326.0 323.0 2.0 44.0 49.0 54.0 59.0 64.0 68.0 73.0 78.0 83.0 88.0 93.0 97.0 102.0 107.0 112.0 117.0 121.0 126.0 131.0 136.0 141.0 146.0 150.0 155.0 160.0 165.0 169.0 174.0 179.0 184.0 189.0 193.0 198.0 203.0 208.0 212.0 217.0 222.0 227.0 231.0 236.0 241.0 246.0 251.0 255.0 260.0 265.0 270.0 274.0 279.0 284.0 289.0 293.0 298.0 303.0 308.0 312.0 317.0 322.0 327.0 331.0 336.0 341.0 346.0 350.0 355.0 360.0 364.0 369.0 374.0 378.0 383.0 387.0 392.0 396.0 401.0 406.0 410.0 415.0 419.0 424.0 429.0 433.0 438.0 442.0 447.0 452.0 456.0 461.0 465.0 470.0 474.0 479.0 483.0 488.0 493.0 497.0 501.0 506.0 44.0
540.0 532.0 531.0 530.0 529.0 528.0 526.0 525.0 524.0 523.0 522.0 521.0 520.0 519.0 518.0 517.0 516.0 515.0 514.0 513.0 512.0 511.0 510.0 509.0 508.0 507.0 506.0 505.0 504.0 503.0 502.0 501.0 500.0 499.0 497.0 496.0 495.0 494.0 493.0 492.0 491.0 490.0 489.0 488.0 487.0 486.0 485.0 484.0 483.0 482.0 481.0 480.0 479.0 478.0 476.0 476.0 474.0 473.0 473.0 471.0 470.0 469.0 468.0 467.0 466.0 465.0 464.0 462.0 461.0 460.0 459.0 458.0 456.0 455.0 454.0 453.0 451.0 450.0 449.0 448.0 446.0 445.0 444.0 443.0 441.0 440.0 439.0 437.0 436.0 435.0 434.0 433.0 431.0 430.0 429.0 428.0 426.0 425.0 424.0 422.0 2.0 44.0 49.0 54.0 59.0 64.0 69.0 74.0 79.0 84.0 89.0 94.0 98.0 103.0 108.0 113.0 118.0 123.0 128.0 133.0 137.0 142.0 147.0 152.0 157.0 162.0 167.0 171.0 176.0 181.0 186.0 191.0 196.0 201.0 205.0 210.0 215.0 220.0 225.0 229.0 234.0 239.0 244.0 249.0 253.0 258.0 263.0 268.0 273.0 278.0 282.0 287.0 292.0 297.0 302.0 307.0 311.0 316.0 321.0 326.0 331.0 335.0 340.0 345.0 350.0 355.0 359.0 364.0 369.0 374.0 379.0 383.0 388.0 393.0 398.0 402.0 407.0 412.0 417.0 421.0 426.0 431.0 435.0 440.0 445.0 450.0 454.0 459.0 464.0 468.0 473.0 478.0 482.0 487.0 492.0 496.0 501.0 506.0 510.0 515.0 45.0
540.0 537.0 537.0 537.0 536.0 536.0 536.0 535.0 535.0 535.0 534.0 534.0 534.0 533.0 534.0 533.0 533.0 533.0 532.0 532.0 532.0 532.0 532.0 532.0 531.0 531.0 531.0 531.0 531.0 531.0 530.0 530.0 530.0 530.0 529.0 529.0 529.0 529.0 529.0 529.0 529.0 529.0 529.0 529.0 528.0 528.0 528.0 528.0 528.0 528.0 528.0 528.0 528.0 528.0 528.0 528.0 528.0 528.0 528.0 528.0 528.0 528.0 528.0 528.0 528.0 527.0 528.0 527.0 527.0 527.0 527.0 527.0 527.0 527.0 527.0 527.0 526.0 526.0 526.0 526.0 526.0 525.0 526.0 525.0 525.0 525.0 525.0 525.0 525.0 525.0 524.0 524.0 524.0 524.0 524.0 524.0 524.0 524.0 524.0 523.0 2.0 46.0 50.0 55.0 60.0 65.0 70.0 76.0 80.0 85.0 90.0 95.0 100.0 105.0 110.0 115.0 120.0 125.0 130.0 135.0 139.0 144.0 149.0 154.0 159.0 164.0 169.0 174.0 179.0 183.0 188.0 193.0 198.0 203.0 208.0 212.0 217.0 222.0 227.0 232.0 237.0 241.0 246.0 251.0 256.0 261.0 265.0 270.0 275.0 280.0 285.0 290.0 294.0 299.0 304.0 309.0 314.0 318.0 323.0 328.0 333.0 338.0 342.0 347.0 352.0 357.0 361.0 366.0 371.0 376.0 381.0 385.0 390.0 395.0 400.0 404.0 409.0 414.0 418.0 423.0 428.0 432.0 437.0 442.0 446.0 451.0 456.0 460.0 465.0 470.0 475.0 479.0 484.0 489.0 493.0 498.0 503.0 507.0 512.0 516.0 46.0
540.0 543.0 544.0 545.0 545.0 546.0 546.0 547.0 547.0 548.0 548.0 549.0 550.0 550.0 551.0 551.0 552.0 553.0 554.0 554.0 555.0 556.0 557.0 557.0 558.0 559.0 560.0 560.0 561.0 562.0 563.0 564.0 565.0 565.0 566.0 567.0 567.0 569.0 569.0 570.0 571.0 572.0 573.0 574.0 575.0 576.0 577.0 578.0 579.0 580.0 581.0 582.0 583.0 583.0 585.0 586.0 587.0 588.0 589.0 590.0 591.0 592.0 593.0 593.0 595.0 595.0 597.0 597.0 598.0 600.0 600.0 601.0 602.0 603.0 604.0 605.0 606.0 607.0 608.0 608.0 609.0 610.0 611.0 612.0 613.0 614.0 615.0 616.0 617.0 618.0 619.0 620.0 621.0 622.0 624.0 624.0 626.0 627.0 628.0 629.0 2.0 46.0 51.0 56.0 61.0 66.0 71.0 76.0 81.0 86.0 91.0 96.0 100.0 105.0 110.0 115.0 120.0 125.0 130.0 135.0 140.0 145.0 149.0 154.0 159.0 164.0 169.0 173.0 178.0 183.0 188.0 193.0 198.0 203.0 207.0 212.0 217.0 222.0 227.0 231.0 236.0 241.0 246.0 250.0 255.0 260.0 264.0 269.0 274.0 279.0 284.0 288.0 293.0 298.0 303.0 307.0 312.0 317.0 322.0 326.0 331.0 336.0 340.0 345.0 350.0 355.0 359.0 364.0 369.0 373.0 378.0 383.0 388.0 392.0 397.0 402.0 406.0 411.0 416.0 420.0 425.0 429.0 434.0 439.0 444.0 448.0 453.0 458.0 462.0 467.0 471.0 476.0 480.0 485.0 489.0 494.0 498.0 503.0 507.0 511.0 47.0
540.0 551.0 552.0 554.0 555.0 556.0 558.0 559.0 561.0 562.0 564.0 565.0 567.0 569.0 571.0 572.0 574.0 575.0 577.0 579.0 580.0 582.0 584.0 586.0 587.0 589.0 591.0 592.0 594.0 596.0 598.0 600.0 601.0 603.0 605.0 606.0 608.0 610.0 612.0 614.0 616.0 618.0 620.0 621.0 623.0 625.0 627.0 629.0 631.0 633.0 635.0 636.0 638.0 640.0 642.0 644.0 646.0 648.0 650.0 652.0 653.0 655.0 658.0 659.0 661.0 663.0 665.0 667.0 668.0 671.0 672.0 674.0 676.0 678.0 679.0 681.0 683.0 685.0 687.0 688.0 690.0 692.0 694.0 696.0 697.0 699.0 701.0 703.0 705.0 707.0 709.0 711.0 713.0 715.0 717.0 719.0 721.0 723.0 725.0 726.0 2.0 45.0 49.0 54.0 59.0 64.0 69.0 74.0 79.0 83.0 88.0 93.0 97.0 102.0 107.0 112.0 116.0 121.0 126.0 130.0 135.0 140.0 144.0 149.0 154.0 159.0 163.0 168.0 172.0 177.0 182.0 186.0 191.0 196.0 200.0 205.0 209.0 214.0 219.0 224.0 228.0 232.0 237.0 242.0 246.0 251.0 256.0 260.0 265.0 269.0 274.0 279.0 283.0 288.0 292.0 297.0 301.0 306.0 311.0 315.0 320.0 324.0 329.0 333.0 338.0 343.0 347.0 352.0 356.0 361.0 366.0 370.0 375.0 379.0 384.0 389.0 393.0 398.0 402.0 407.0 411.0 416.0 420.0 425.0 429.0 434.0 439.0 443.0 448.0 452.0 457.0 461.0 465.0 470.0 474.0 478.0 482.0 487.0 490.0 494.0 48.0
540.0 557.0 558.0 561.0 563.0 565.0 567.0 569.0 572.0 574.0 577.0 579.0 581.0 583.0 586.0 588.0 591.0 593.0 596.0 598.0 601.0 603.0 606.0 608.0 611.0 614.0 616.0 618.0 621.0 624.0 626.0 629.0 631.0 634.0 636.0 639.0 641.0 644.0 647.0 650.0 652.0 655.0 658.0 660.0 663.0 666.0 668.0 671.0 674.0 676.0 679.0 682.0 684.0 687.0 689.0 692.0 695.0 698.0 700.0 703.0 705.0 708.0 711.0 714.0 716.0 719.0 722.0 724.0 727.0 729.0 732.0 735.0 737.0 740.0 742.0 745.0 747.0 750.0 752.0 755.0 758.0 760.0 763.0 765.0 768.0 770.0 773.0 776.0 778.0 781.0 784.0 786.0 789.0 792.0 794.0 797.0 800.0 802.0 805.0 807.0 2.0 44.0 48.0 53.0 58.0 63.0 67.0 72.0 76.0 81.0 86.0 90.0 94.0 99.0 104.0 108.0 112.0 117.0 121.0 126.0 130.0 135.0 139.0 143.0 148.0 152.0 157.0 161.0 165.0 170.0 174.0 178.0 183.0 187.0 191.0 196.0 200.0 204.0 209.0 213.0 217.0 221.0 226.0 230.0 234.0 238.0 242.0 247.0 251.0 255.0 260.0 264.0 268.0 273.0 277.0 281.0 285.0 290.0 294.0 298.0 302.0 307.0 311.0 315.0 320.0 324.0 328.0 332.0 336.0 341.0 345.0 349.0 354.0 358.0 363.0 367.0 371.0 376.0 380.0 384.0 389.0 393.0 397.0 402.0 406.0 411.0 415.0 419.0 424.0 428.0 432.0 437.0 441.0 445.0 449.0 453.0 458.0 462.0 466.0 470.0 49.0
540.0 561.0 563.0 566.0 568.0 572.0 574.0 577.0 580.0 583.0 586.0 589.0 592.0 595.0 598.0 601.0 604.0 607.0 610.0 613.0 616.0 619.0 622.0 625.0 628.0 632.0 635.0 637.0 641.0 644.0 647.0 650.0 654.0 656.0 660.0 663.0 666.0 669.0 672.0 676.0 679.0 682.0 685.0 688.0 692.0 695.0 698.0 701.0 705.0 708.0 711.0 714.0 717.0 721.0 724.0 727.0 730.0 734.0 737.0 740.0 743.0 747.0 750.0 753.0 756.0 760.0 763.0 766.0 769.0 773.0 776.0 779.0 782.0 785.0 788.0 791.0 795.0 798.0 801.0 804.0 807.0 811.0 814.0 817.0 820.0 823.0 826.0 829.0 833.0 836.0 839.0 842.0 846.0 849.0 852.0 856.0 859.0 862.0 866.0 868.0 2.0 43.0 48.0 52.0 57.0 62.0 66.0 71.0 75.0 80.0 84.0 89.0 93.0 97.0 102.0 106.0 110.0 115.0 119.0 123.0 127.0 131.0 136.0 140.0 144.0 148.0 153.0 157.0 161.0 165.0 170.0 174.0 178.0 182.0 186.0 190.0 194.0 199.0 203.0 207.0 211.0 215.0 219.0 223.0 227.0 231.0 235.0 239.0 243.0 247.0 252.0 256.0 260.0 264.0 268.0 272.0 276.0 280.0 284.0 288.0 292.0 296.0 300.0 304.0 309.0 312.0 317.0 321.0 325.0 329.0 333.0 337.0 341.0 345.0 349.0 353.0 357.0 362.0 366.0 370.0 374.0 378.0 382.0 386.0 390.0 395.0 398.0 403.0 407.0 411.0 415.0 419.0 423.0 427.0 431.0 434.0 438.0 442.0 446.0 450.0 50.0
540.0 562.0 565.0 568.0 571.0 574.0 577.0 580.0 583.0 586.0 590.0 593.0 596.0 599.0 603.0 606.0 610.0 613.0 616.0 619.0 623.0 627.0 630.0 634.0 637.0 641.0 644.0 647.0 651.0 654.0 658.0 662.0 665.0 668.0 672.0 675.0 679.0 683.0 686.0 690.0 694.0 697.0 701.0 704.0 708.0 712.0 715.0 719.0 723.0 726.0 730.0 734.0 737.0 741.0 744.0 748.0 752.0 756.0 759.0 763.0 767.0 770.0 774.0 778.0 781.0 785.0 789.0 792.0 796.0 800.0 804.0 807.0 811.0 814.0 818.0 822.0 825.0 829.0 832.0 836.0 840.0 843.0 847.0 851.0 854.0 858.0 862.0 865.0 869.0 873.0 876.0 880.0 884.0 888.0 892.0 895.0 899.0 903.0 907.0 910.0 2.0 43.0 48.0 52.0 57.0 62.0 66.0 71.0 75.0 80.0 84.0 89.0 93.0 98.0 102.0 106.0 110.0 115.0 119.0 123.0 127.0 132.0 136.0 140.0 145.0 149.0 153.0 157.0 161.0 166.0 170.0 174.0 178.0 183.0 186.0 191.0 195.0 199.0 203.0 207.0 211.0 215.0 219.0 223.0 227.0 230.0 234.0 238.0 242.0 246.0 250.0 254.0 258.0 262.0 265.0 270.0 273.0 277.0 281.0 285.0 289.0 293.0 296.0 300.0 304.0 308.0 312.0 316.0 319.0 323.0 327.0 331.0 335.0 339.0 343.0 347.0 350.0 354.0 358.0 362.0 366.0 370.0 374.0 378.0 381.0 385.0 389.0 393.0 396.0 400.0 404.0 407.0 411.0 415.0 418.0 422.0 426.0 429.0 433.0 436.0 51.0
540.0 563.0 565.0 568.0 571.0 574.0 577.0 580.0 584.0 587.0 590.0 594.0 597.0 600.0 604.0 607.0 611.0 614.0 617.0 621.0 625.0 628.0 632.0 636.0 639.0 643.0 646.0 650.0 654.0 657.0 661.0 665.0 668.0 672.0 676.0 679.0 683.0 687.0 691.0 695.0 699.0 702.0 706.0 710.0 714.0 718.0 722.0 726.0 730.0 733.0 737.0 741.0 745.0 749.0 753.0 757.0 761.0 765.0 769.0 773.0 777.0 781.0 785.0 789.0 792.0 796.0 800.0 804.0 808.0 812.0 816.0 820.0 824.0 828.0 832.0 836.0 839.0 843.0 848.0 852.0 855.0 859.0 863.0 867.0 871.0 875.0 879.0 883.0 887.0 891.0 895.0 899.0 903.0 907.0 911.0 915.0 919.0 924.0 927.0 931.0 2.0 43.0 48.0 53.0 58.0 62.0 67.0 71.0 76.0 80.0 85.0 89.0 94.0 98.0 103.0 107.0 111.0 116.0 120.0 124.0 128.0 133.0 137.0 142.0 146.0 150.0 155.0 159.0 163.0 167.0 172.0 176.0 180.0 184.0 188.0 192.0 196.0 200.0 204.0 208.0 212.0 216.0 220.0 224.0 228.0 232.0 236.0 240.0 244.0 247.0 251.0 255.0 259.0 263.0 266.0 270.0 274.0 278.0 282.0 285.0 289.0 293.0 297.0 300.0 304.0 308.0 312.0 315.0 319.0 323.0 327.0 330.0 334.0 338.0 341.0 345.0 349.0 353.0 356.0 360.0 364.0 368.0 371.0 375.0 379.0 382.0 386.0 389.0 393.0 397.0 400.0 404.0 407.0 411.0 414.0 417.0 421.0 424.0 428.0 431.0 52.0
540.0 563.0 565.0 569.0 571.0 575.0 577.0 581.0 584.0 587.0 590.0 594.0 597.0 600.0 604.0 607.0 610.0 614.0 617.0 621.0 624.0 628.0 631.0 635.0 639.0 643.0 646.0 650.0 653.0 657.0 661.0 664.0 668.0 671.0 675.0 679.0 683.0 687.0 690.0 694.0 698.0 702.0 706.0 710.0 713.0 717.0 721.0 725.0 729.0 733.0 737.0 741.0 745.0 749.0 753.0 757.0 761.0 765.0 769.0 773.0 776.0 780.0 784.0 789.0 793.0 797.0 801.0 804.0 808.0 813.0 817.0 821.0 825.0 829.0 832.0 837.0 841.0 845.0 849.0 853.0 856.0 861.0 865.0 869.0 872.0 877.0 881.0 885.0 889.0 893.0 897.0 901.0 905.0 910.0 914.0 918.0 922.0 926.0 930.0 934.0 2.0 43.0 48.0 53.0 57.0 62.0 66.0 71.0 75.0 80.0 85.0 89.0 94.0 98.0 102.0 107.0 111.0 115.0 120.0 124.0 128.0 133.0 137.0 141.0 146.0 150.0 154.0 158.0 163.0 167.0 171.0 175.0 180.0 184.0 188.0 192.0 196.0 201.0 204.0 209.0 213.0 217.0 221.0 225.0 229.0 233.0 237.0 241.0 245.0 249.0 253.0 257.0 260.0 264.0 268.0 272.0 276.0 280.0 284.0 288.0 291.0 295.0 299.0 303.0 307.0 311.0 314.0 318.0 322.0 325.0 329.0 333.0 337.0 341.0 345.0 348.0 352.0 356.0 360.0 364.0 367.0 371.0 375.0 379.0 382.0 386.0 390.0 393.0 397.0 401.0 404.0 408.0 411.0 415.0 418.0 422.0 425.0 429.0 432.0 435.0 53.0
540.0 563.0 566.0 569.0 572.0 575.0 578.0 581.0 584.0 588.0 591.0 594.0 597.0 601.0 604.0 608.0 611.0 614.0 618.0 621.0 625.0 628.0 632.0 636.0 639.0 642.0 646.0 649.0 653.0 657.0 660.0 664.0 667.0 671.0 675.0 678.0 682.0 686.0 689.0 693.0 697.0 701.0 704.0 708.0 712.0 716.0 719.0 723.0 727.0 731.0 735.0 739.0 742.0 746.0 750.0 754.0 758.0 761.0 765.0 769.0 773.0 777.0 781.0 785.0 789.0 792.0 796.0 800.0 804.0 808.0 812.0 815.0 819.0 823.0 827.0 831.0 834.0 838.0 842.0 846.0 850.0 854.0 857.0 861.0 865.0 869.0 873.0 876.0 880.0 885.0 888.0 892.0 896.0 900.0 904.0 908.0 912.0 917.0 921.0 925.0 2.0 43.0 48.0 53.0 58.0 62.0 67.0 71.0 76.0 80.0 85.0 90.0 94.0 99.0 103.0 107.0 112.0 117.0 121.0 125.0 129.0 134.0 138.0 143.0 147.0 152.0 156.0 160.0 165.0 169.0 174.0 178.0 182.0 187.0 191.0 195.0 199.0 204.0 208.0 212.0 216.0 220.0 225.0 229.0 233.0 237.0 241.0 246.0 250.0 254.0 258.0 262.0 266.0 270.0 274.0 278.0 282.0 287.0 291.0 295.0 299.0 303.0 307.0 311.0 315.0 319.0 323.0 327.0 331.0 335.0 339.0 343.0 347.0 351.0 356.0 359.0 364.0 367.0 371.0 376.0 380.0 384.0 388.0 392.0 396.0 400.0 404.0 408.0 412.0 415.0 419.0 423.0 427.0 431.0 434.0 438.0 441.0 445.0 449.0 452.0 54.0
540.0 562.0 565.0 568.0 570.0 574.0 576.0 579.0 582.0 585.0 588.0 591.0 595.0 597.0 601.0 604.0 607.0 610.0 613.0 617.0 620.0 623.0 626.0 630.0 633.0 636.0 639.0 643.0 646.0 649.0 653.0 656.0 659.0 662.0 666.0 669.0 672.0 676.0 679.0 682.0 686.0 689.0 692.0 696.0 699.0 703.0 706.0 710.0 713.0 716.0 720.0 723.0 727.0 730.0 734.0 737.0 740.0 744.0 747.0 750.0 754.0 757.0 761.0 764.0 768.0 771.0 774.0 778.0 781.0 785.0 788.0 791.0 794.0 798.0 801.0 804.0 807.0 811.0 814.0 817.0 820.0 823.0 827.0 830.0 833.0 836.0 840.0 843.0 846.0 849.0 852.0 856.0 859.0 862.0 865.0 869.0 872.0 876.0 879.0 882.0 2.0 43.0 48.0 52.0 57.0 62.0 66.0 71.0 76.0 80.0 85.0 89.0 94.0 99.0 103.0 108.0 112.0 117.0 121.0 125.0 130.0 134.0 139.0 143.0 148.0 153.0 157.0 161.0 166.0 170.0 175.0 179.0 183.0 188.0 192.0 197.0 201.0 205.0 210.0 214.0 218.0 223.0 227.0 231.0 236.0 240.0 244.0 249.0 253.0 257.0 261.0 266.0 270.0 274.0 278.0 283.0 287.0 291.0 296.0 300.0 304.0 308.0 313.0 317.0 321.0 325.0 330.0 334.0 338.0 342.0 347.0 351.0 355.0 359.0 364.0 368.0 372.0 377.0 381.0 385.0 390.0 394.0 398.0 403.0 407.0 411.0 415.0 419.0 424.0 428.0 432.0 436.0 440.0 445.0 449.0 453.0 457.0 461.0 465.0 469.0 55.0
540.0 559.0 561.0 564.0 566.0 568.0 570.0 573.0 576.0 578.0 580.0 583.0 586.0 588.0 591.0 593.0 596.0 599.0 601.0 604.0 606.0 609.0 612.0 614.0 617.0 619.0 622.0 625.0 628.0 630.0 633.0 636.0 638.0 641.0 644.0 646.0 649.0 651.0 654.0 657.0 660.0 662.0 665.0 668.0 671.0 674.0 676.0 679.0 682.0 685.0 687.0 690.0 693.0 695.0 698.0 701.0 704.0 706.0 709.0 712.0 715.0 717.0 720.0 723.0 725.0 728.0 731.0 734.0 736.0 739.0 742.0 744.0 747.0 749.0 752.0 755.0 757.0 760.0 762.0 765.0 767.0 770.0 772.0 775.0 778.0 780.0 783.0 785.0 788.0 790.0 793.0 796.0 798.0 801.0 803.0 806.0 809.0 812.0 814.0 817.0 2.0 44.0 48.0 53.0 58.0 63.0 68.0 72.0 77.0 82.0 86.0 91.0 96.0 100.0 105.0 110.0 114.0 119.0 124.0 128.0 133.0 137.0 142.0 147.0 151.0 156.0 160.0 165.0 169.0 174.0 179.0 183.0 188.0 193.0 197.0 202.0 206.0 211.0 215.0 220.0 224.0 229.0 233.0 238.0 242.0 247.0 251.0 256.0 260.0 265.0 269.0 274.0 278.0 283.0 287.0 292.0 296.0 301.0 305.0 310.0 314.0 319.0 323.0 328.0 332.0 336.0 341.0 345.0 350.0 354.0 359.0 363.0 368.0 372.0 377.0 381.0 386.0 390.0 395.0 399.0 404.0 408.0 413.0 417.0 422.0 427.0 431.0 435.0 440.0 444.0 449.0 453.0 457.0 462.0 466.0 471.0 475.0 479.0 484.0 488.0 56.0
540.0 552.0 553.0 555.0 556.0 558.0 559.0 561.0 562.0 564.0 565.0 567.0 569.0 570.0 572.0 574.0 576.0 577.0 579.0 580.0 582.0 584.0 586.0 588.0 589.0 591.0 593.0 594.0 596.0 598.0 600.0 602.0 603.0 605.0 607.0 609.0 610.0 612.0 614.0 616.0 618.0 620.0 622.0 624.0 626.0 628.0 630.0 632.0 634.0 636.0 638.0 639.0 642.0 644.0 646.0 647.0 649.0 652.0 653.0 656.0 658.0 660.0 661.0 664.0 666.0 668.0 670.0 672.0 674.0 676.0 678.0 680.0 681.0 684.0 685.0 688.0 689.0 691.0 693.0 695.0 697.0 699.0 701.0 702.0 704.0 706.0 708.0 710.0 712.0 714.0 716.0 718.0 720.0 722.0 724.0 726.0 728.0 730.0 731.0 733.0 2.0 44.0 49.0 54.0 59.0 64.0 69.0 73.0 78.0 83.0 88.0 93.0 97.0 102.0 107.0 111.0 116.0 121.0 126.0 131.0 135.0 140.0 145.0 150.0 154.0 159.0 164.0 168.0 173.0 178.0 183.0 188.0 192.0 197.0 202.0 207.0 211.0 216.0 221.0 226.0 230.0 235.0 240.0 244.0 249.0 254.0 258.0 263.0 268.0 273.0 277.0 282.0 287.0 291.0 296.0 301.0 305.0 310.0 315.0 319.0 324.0 329.0 333.0 338.0 342.0 347.0 352.0 357.0 361.0 366.0 371.0 375.0 380.0 384.0 389.0 394.0 398.0 403.0 408.0 413.0 417.0 422.0 427.0 431.0 436.0 441.0 445.0 450.0 455.0 459.0 464.0 468.0 473.0 477.0 482.0 487.0 491.0 496.0 500.0 505.0 57.0
540.0 545.0 546.0 547.0 547.0 548.0 549.0 550.0 551.0 551.0 552.0 553.0 553.0 554.0 555.0 556.0 556.0 557.0 558.0 559.0 560.0 560.0 562.0 562.0 563.0 564.0 565.0 566.0 566.0 567.0 568.0 569.0 570.0 570.0 571.0 572.0 573.0 574.0 575.0 576.0 577.0 578.0 579.0 580.0 581.0 582.0 582.0 584.0 584.0 585.0 586.0 587.0 589.0 589.0 591.0 592.0 592.0 593.0 594.0 596.0 597.0 598.0 599.0 600.0 601.0 602.0 603.0 604.0 605.0 606.0 607.0 608.0 609.0 610.0 611.0 612.0 613.0 614.0 615.0 616.0 617.0 618.0 619.0 619.0 621.0 622.0 623.0 624.0 625.0 626.0 627.0 628.0 629.0 630.0 631.0 633.0 633.0 634.0 635.0 636.0 2.0 45.0 50.0 55.0 60.0 65.0 70.0 75.0 79.0 84.0 89.0 94.0 99.0 104.0 109.0 113.0 118.0 123.0 128.0 133.0 138.0 143.0 148.0 153.0 157.0 162.0 167.0 172.0 176.0 181.0 186.0 191.0 196.0 201.0 206.0 211.0 215.0 220.0 225.0 230.0 235.0 239.0 244.0 249.0 254.0 259.0 264.0 269.0 273.0 278.0 283.0 288.0 292.0 297.0 302.0 307.0 312.0 317.0 321.0 326.0 331.0 336.0 341.0 345.0 350.0 355.0 360.0 365.0 369.0 374.0 379.0 384.0 389.0 393.0 398.0 403.0 408.0 412.0 417.0 422.0 427.0 432.0 437.0 442.0 447.0 451.0 456.0 461.0 466.0 470.0 475.0 480.0 485.0 490.0 494.0 499.0 504.0 509.0 514.0 518.0 58.0
540.0 539.0 539.0 539.0 539.0 539.0 539.0 539.0 539.0 539.0 539.0 539.0 539.0 538.0 538.0 538.0 538.0 538.0 538.0 538.0 538.0 538.0 539.0 538.0 538.0 538.0 538.0 538.0 538.0 538.0 538.0 538.0 538.0 538.0 538.0 538.0 538.0 538.0 538.0 538.0 538.0 538.0 539.0 539.0 539.0 539.0 538.0 539.0 539.0 539.0 539.0 539.0 539.0 539.0 539.0 539.0 539.0 539.0 539.0 540.0 539.0 540.0 540.0 540.0 540.0 540.0 540.0 540.0 540.0 540.0 540.0 540.0 539.0 539.0 539.0 539.0 539.0 539.0 539.0 538.0 538.0 538.0 538.0 538.0 538.0 537.0 537.0 537.0 537.0 537.0 537.0 537.0 536.0 536.0 536.0 536.0 536.0 536.0 535.0 535.0 2.0 46.0 50.0 55.0 60.0 65.0 70.0 75.0 80.0 85.0 90.0 95.0 100.0 105.0 110.0 114.0 119.0 124.0 129.0 134.0 139.0 144.0 149.0 154.0 159.0 164.0 168.0 173.0 178.0 183.0 188.0 193.0 198.0 203.0 208.0 212.0 217.0 222.0 227.0 232.0 237.0 242.0 247.0 252.0 257.0 261.0 266.0 271.0 276.0 281.0 286.0 290.0 295.0 300.0 305.0 310.0 315.0 319.0 324.0 329.0 334.0 339.0 344.0 349.0 353.0 358.0 363.0 368.0 372.0 377.0 382.0 387.0 392.0 396.0 401.0 406.0 411.0 415.0 420.0 425.0 430.0 435.0 439.0 444.0 449.0 454.0 458.0 463.0 468.0 473.0 477.0 482.0 487.0 492.0 496.0 501.0 506.0 510.0 515.0 520.0 59.0
540.0 534.0 533.0 532.0 531.0 531.0 530.0 529.0 529.0 527.0 526.0 526.0 525.0 524.0 523.0 522.0 521.0 520.0 520.0 519.0 518.0 517.0 517.0 516.0 515.0 514.0 513.0 512.0 511.0 510.0 509.0 509.0 508.0 507.0 506.0 505.0 504.0 503.0 502.0 501.0 500.0 499.0 499.0 498.0 497.0 496.0 495.0 494.0 493.0 492.0 492.0 490.0 490.0 489.0 488.0 487.0 486.0 485.0 484.0 483.0 482.0 481.0 480.0 479.0 478.0 477.0 476.0 475.0 474.0 473.0 472.0 471.0 469.0 468.0 467.0 466.0 465.0 464.0 462.0 461.0 460.0 458.0 457.0 456.0 455.0 454.0 452.0 451.0 450.0 449.0 447.0 446.0 445.0 444.0 442.0 441.0 440.0 438.0 437.0 435.0 2.0 46.0 51.0 56.0 61.0 66.0 71.0 75.0 80.0 85.0 90.0 95.0 100.0 105.0 110.0 115.0 120.0 125.0 130.0 134.0 139.0 144.0 149.0 154.0 159.0 164.0 168.0 173.0 178.0 183.0 188.0 193.0 198.0 203.0 207.0 212.0 217.0 222.0 227.0 231.0 236.0 241.0 246.0 251.0 256.0 261.0 265.0 270.0 275.0 280.0 285.0 289.0 294.0 299.0 304.0 309.0 313.0 318.0 323.0 328.0 332.0 337.0 342.0 347.0 351.0 356.0 361.0 366.0 371.0 375.0 380.0 385.0 389.0 394.0 399.0 403.0 408.0 412.0 417.0 422.0 427.0 431.0 436.0 441.0 445.0 450.0 455.0 459.0 464.0 469.0 473.0 478.0 483.0 487.0 492.0 496.0 501.0 506.0 510.0 514.0 60.0
540.0 528.0 527.0 525.0 524.0 522.0 520.0 519.0 517.0 516.0 514.0 512.0 511.0 509.0 507.0 506.0 504.0 502.0 500.0 499.0 497.0 495.0 493.0 491.0 490.0 488.0 486.0 485.0 483.0 481.0 479.0 477.0 476.0 474.0 472.0 470.0 468.0 466.0 465.0 463.0 461.0 459.0 458.0 456.0 454.0 452.0 450.0 448.0 447.0 445.0 443.0 441.0 440.0 438.0 436.0 434.0 432.0 431.0 429.0 427.0 425.0 423.0 421.0 419.0 418.0 416.0 414.0 412.0 410.0 408.0 406.0 404.0 402.0 400.0 398.0 396.0 393.0 391.0 389.0 387.0 385.0 383.0 381.0 379.0 376.0 374.0 372.0 370.0 368.0 366.0 364.0 362.0 360.0 358.0 355.0 353.0 351.0 349.0 347.0 345.0 2.0 44.0 49.0 54.0 59.0 64.0 68.0 73.0 78.0 83.0 87.0 92.0 97.0 102.0 106.0 111.0 115.0 121.0 125.0 130.0 134.0 139.0 144.0 149.0 153.0 158.0 162.0 167.0 172.0 177.0 181.0 186.0 191.0 195.0 200.0 205.0 209.0 214.0 219.0 223.0 228.0 233.0 237.0 242.0 247.0 251.0 256.0 261.0 265.0 270.0 274.0 279.0 284.0 289.0 293.0 298.0 302.0 307.0 312.0 316.0 321.0 326.0 330.0 335.0 339.0 344.0 348.0 353.0 357.0 362.0 366.0 371.0 375.0 380.0 385.0 389.0 394.0 398.0 402.0 407.0 411.0 416.0 420.0 425.0 429.0 434.0 439.0 443.0 448.0 452.0 456.0 461.0 465.0 470.0 474.0 479.0 483.0 488.0 492.0 496.0 61.0
540.0 522.0 520.0 517.0 515.0 513.0 510.0 508.0 505.0 503.0 500.0 498.0 495.0 493.0 490.0 488.0 485.0 483.0 480.0 478.0 475.0 473.0 470.0 468.0 465.0 463.0 460.0 457.0 455.0 452.0 450.0 447.0 445.0 442.0 439.0 436.0 434.0 431.0 429.0 426.0 424.0 421.0 419.0 416.0 413.0 411.0 408.0 406.0 403.0 401.0 398.0 395.0 393.0 390.0 388.0 385.0 382.0 380.0 378.0 375.0 372.0 370.0 367.0 364.0 362.0 359.0 357.0 354.0 351.0 348.0 346.0 343.0 340.0 337.0 335.0 332.0 329.0 326.0 324.0 321.0 318.0 315.0 312.0 310.0 307.0 304.0 302.0 298.0 296.0 293.0 290.0 288.0 285.0 282.0 279.0 276.0 274.0 271.0 268.0 265.0 2.0 43.0 47.0 52.0 56.0 61.0 65.0 70.0 75.0 79.0 84.0 88.0 93.0 97.0 102.0 106.0 110.0 115.0 119.0 124.0 128.0 133.0 137.0 141.0 146.0 151.0 155.0 159.0 164.0 168.0 172.0 177.0 181.0 186.0 190.0 194.0 199.0 203.0 208.0 212.0 217.0 221.0 225.0 230.0 234.0 239.0 243.0 247.0 252.0 257.0 261.0 265.0 270.0 274.0 279.0 283.0 288.0 292.0 296.0 301.0 305.0 310.0 314.0 319.0 323.0 327.0 332.0 336.0 341.0 345.0 349.0 354.0 358.0 362.0 367.0 371.0 375.0 380.0 384.0 388.0 392.0 397.0 401.0 406.0 410.0 414.0 419.0 423.0 427.0 432.0 436.0 440.0 445.0 449.0 454.0 458.0 462.0 466.0 471.0 475.0 62.0
540.0 518.0 515.0 512.0 509.0 506.0 503.0 500.0 497.0 494.0 491.0 487.0 484.0 481.0 478.0 475.0 472.0 469.0 466.0 462.0 459.0 456.0 453.0 450.0 446.0 443.0 440.0 437.0 433.0 430.0 427.0 424.0 421.0 418.0 414.0 411.0 408.0 405.0 401.0 398.0 395.0 392.0 389.0 385.0 382.0 379.0 376.0 373.0 369.0 366.0 363.0 360.0 357.0 353.0 350.0 347.0 343.0 340.0 337.0 334.0 331.0 328.0 324.0 321.0 318.0 315.0 311.0 308.0 305.0 302.0 298.0 295.0 292.0 288.0 285.0 281.0 278.0 275.0 271.0 268.0 265.0 261.0 258.0 255.0 251.0 248.0 244.0 241.0 238.0 234.0 231.0 228.0 224.0 221.0 218.0 214.0 211.0 208.0 204.0 201.0 2.0 42.0 46.0 51.0 55.0 60.0 64.0 69.0 73.0 77.0 82.0 86.0 90.0 95.0 99.0 103.0 107.0 112.0 116.0 120.0 125.0 129.0 133.0 137.0 142.0 146.0 150.0 154.0 158.0 162.0 166.0 171.0 175.0 179.0 183.0 187.0 192.0 196.0 200.0 204.0 209.0 213.0 217.0 221.0 225.0 230.0 234.0 238.0 242.0 246.0 251.0 255.0 259.0 263.0 268.0 272.0 276.0 280.0 284.0 288.0 293.0 297.0 301.0 305.0 310.0 314.0 318.0 322.0 326.0 330.0 334.0 339.0 343.0 347.0 351.0 355.0 359.0 364.0 367.0 372.0 375.0 380.0 384.0 388.0 392.0 396.0 400.0 405.0 409.0 413.0 417.0 421.0 426.0 430.0 434.0 438.0 442.0 447.0 450.0 454.0 63.0
540.0 515.0 512.0 509.0 505.0 502.0 499.0 495.0 492.0 488.0 484.0 481.0 477.0 474.0 470.0 467.0 463.0 460.0 456.0 452.0 449.0 445.0 441.0 438.0 434.0 431.0 427.0 423.0 419.0 416.0 412.0 409.0 405.0 401.0 398.0 394.0 390.0 387.0 383.0 379.0 376.0 372.0 368.0 365.0 361.0 357.0 354.0 350.0 346.0 343.0 339.0 335.0 332.0 328.0 324.0 320.0 317.0 313.0 309.0 306.0 302.0 298.0 295.0 291.0 287.0 283.0 279.0 276.0 272.0 268.0 265.0 261.0 257.0 253.0 249.0 245.0 241.0 238.0 234.0 230.0 226.0 222.0 218.0 214.0 210.0 206.0 203.0 199.0 195.0 191.0 188.0 184.0 180.0 176.0 172.0 168.0 165.0 161.0 157.0 153.0 2.0 42.0 46.0 51.0 56.0 60.0 64.0 69.0 73.0 77.0 82.0 86.0 91.0 95.0 99.0 103.0 108.0 112.0 116.0 120.0 125.0 129.0 133.0 137.0 141.0 145.0 149.0 154.0 158.0 162.0 166.0 170.0 174.0 178.0 182.0 186.0 191.0 195.0 198.0 203.0 207.0 211.0 215.0 219.0 223.0 227.0 231.0 236.0 239.0 244.0 248.0 251.0 256.0 260.0 264.0 268.0 272.0 276.0 280.0 284.0 288.0 292.0 296.0 300.0 304.0 308.0 312.0 316.0 320.0 324.0 327.0 331.0 335.0 339.0 343.0 347.0 351.0 354.0 358.0 362.0 366.0 370.0 373.0 377.0 381.0 385.0 389.0 393.0 397.0 401.0 405.0 408.0 412.0 416.0 420.0 424.0 428.0 432.0 436.0 439.0 64.0
540.0 514.0 511.0 507.0 504.0 500.0 497.0 493.0 489.0 486.0 482.0 478.0 475.0 471.0 467.0 463.0 460.0 456.0 452.0 448.0 444.0 440.0 436.0 433.0 429.0 425.0 421.0 417.0 413.0 409.0 405.0 401.0 398.0 394.0 390.0 385.0 382.0 378.0 374.0 370.0 366.0 362.0 358.0 354.0 350.0 346.0 342.0 338.0 335.0 331.0 326.0 322.0 319.0 314.0 311.0 306.0 302.0 299.0 294.0 291.0 286.0 282.0 279.0 274.0 270.0 266.0 262.0 258.0 254.0 250.0 246.0 242.0 237.0 233.0 229.0 225.0 221.0 216.0 212.0 208.0 204.0 199.0 195.0 191.0 187.0 183.0 178.0 174.0 170.0 166.0 162.0 158.0 153.0 149.0 145.0 141.0 137.0 132.0 128.0 124.0 2.0 42.0 47.0 51.0 56.0 60.0 65.0 69.0 74.0 78.0 82.0 87.0 91.0 95.0 100.0 104.0 109.0 113.0 117.0 121.0 126.0 130.0 134.0 139.0 143.0 147.0 151.0 155.0 159.0 164.0 168.0 172.0 176.0 180.0 184.0 188.0 192.0 197.0 200.0 205.0 209.0 213.0 217.0 221.0 225.0 229.0 233.0 237.0 241.0 245.0 249.0 253.0 257.0 261.0 265.0 269.0 273.0 277.0 281.0 284.0 288.0 292.0 296.0 300.0 304.0 307.0 311.0 315.0 319.0 323.0 326.0 330.0 334.0 337.0 341.0 344.0 348.0 352.0 355.0 359.0 362.0 366.0 369.0 373.0 376.0 380.0 384.0 387.0 391.0 394.0 398.0 402.0 405.0 409.0 413.0 416.0 420.0 424.0 427.0 431.0 65.0
540.0 514.0 510.0 507.0 504.0 500.0 496.0 493.0 489.0 485.0 482.0 478.0 474.0 470.0 466.0 463.0 459.0 455.0 451.0 447.0 444.0 440.0 435.0 432.0 428.0 424.0 420.0 416.0 412.0 408.0 404.0 400.0 396.0 392.0 388.0 384.0 379.0 375.0 372.0 367.0 363.0 359.0 355.0 351.0 347.0 343.0 339.0 335.0 331.0 327.0 322.0 318.0 314.0 310.0 306.0 302.0 298.0 294.0 290.0 285.0 281.0 277.0 273.0 269.0 264.0 260.0 256.0 251.0 247.0 243.0 239.0 234.0 230.0 226.0 222.0 217.0 213.0 208.0 204.0 200.0 195.0 191.0 186.0 182.0 178.0 173.0 169.0 165.0 160.0 156.0 151.0 147.0 143.0 139.0 134.0 130.0 125.0 121.0 117.0 112.0 2.0 42.0 47.0 51.0 56.0 60.0 65.0 69.0 74.0 78.0 83.0 87.0 92.0 96.0 101.0 105.0 109.0 113.0 118.0 122.0 127.0 131.0 135.0 140.0 144.0 148.0 152.0 157.0 161.0 165.0 169.0 173.0 178.0 182.0 186.0 190.0 194.0 198.0 203.0 207.0 211.0 215.0 219.0 223.0 227.0 232.0 236.0 240.0 244.0 248.0 252.0 256.0 260.0 264.0 268.0 272.0 276.0 279.0 283.0 287.0 291.0 295.0 299.0 303.0 306.0 310.0 314.0 317.0 321.0 325.0 328.0 332.0 336.0 339.0 343.0 346.0 350.0 353.0 357.0 360.0 364.0 367.0 371.0 374.0 378.0 381.0 385.0 388.0 392.0 395.0 399.0 402.0 406.0 409.0 413.0 416.0 420.0 423.0 426.0 430.0 66.0
540.0 514.0 511.0 507.0 504.0 500.0 497.0 493.0 489.0 486.0 482.0 478.0 475.0 471.0 467.0 463.0 459.0 456.0 452.0 448.0 445.0 441.0 436.0 433.0 429.0 425.0 421.0 417.0 413.0 409.0 405.0 401.0 397.0 393.0 390.0 385.0 381.0 377.0 373.0 370.0 366.0 362.0 358.0 354.0 350.0 346.0 342.0 338.0 334.0 330.0 326.0 322.0 318.0 313.0 309.0 305.0 301.0 297.0 293.0 289.0 285.0 281.0 277.0 273.0 268.0 264.0 260.0 256.0 252.0 248.0 243.0 239.0 235.0 231.0 226.0 222.0 218.0 213.0 209.0 204.0 200.0 196.0 192.0 187.0 183.0 178.0 174.0 170.0 166.0 162.0 157.0 153.0 149.0 144.0 140.0 136.0 131.0 127.0 123.0 118.0 2.0 42.0 46.0 51.0 55.0 60.0 65.0 69.0 73.0 78.0 82.0 87.0 91.0 95.0 100.0 104.0 109.0 113.0 117.0 121.0 126.0 130.0 135.0 139.0 143.0 147.0 152.0 156.0 160.0 165.0 169.0 173.0 177.0 182.0 186.0 190.0 194.0 198.0 203.0 207.0 211.0 215.0 220.0 224.0 227.0 232.0 236.0 240.0 244.0 249.0 253.0 257.0 261.0 265.0 269.0 273.0 277.0 281.0 285.0 289.0 293.0 297.0 301.0 305.0 309.0 312.0 317.0 320.0 324.0 328.0 332.0 335.0 339.0 343.0 347.0 350.0 354.0 358.0 361.0 365.0 369.0 372.0 376.0 379.0 383.0 387.0 391.0 394.0 398.0 402.0 405.0 409.0 413.0 416.0 420.0 424.0 427.0 431.0 434.0 438.0 67.0
540.0 514.0 510.0 507.0 504.0 500.0 497.0 493.0 489.0 486.0 482.0 478.0 475.0 471.0 467.0 464.0 460.0 457.0 453.0 449.0 446.0 442.0 438.0 434.0 430.0 427.0 423.0 419.0 415.0 412.0 408.0 404.0 400.0 396.0 393.0 389.0 385.0 381.0 377.0 374.0 370.0 366.0 362.0 359.0 355.0 351.0 347.0 343.0 340.0 336.0 332.0 328.0 325.0 320.0 317.0 313.0 309.0 306.0 302.0 298.0 294.0 290.0 287.0 283.0 279.0 275.0 271.0 267.0 264.0 260.0 256.0 252.0 248.0 244.0 240.0 236.0 232.0 228.0 224.0 220.0 216.0 212.0 208.0 204.0 200.0 196.0 193.0 189.0 185.0 181.0 177.0 173.0 169.0 165.0 162.0 158.0 154.0 150.0 146.0 142.0 2.0 41.0 46.0 51.0 55.0 60.0 64.0 69.0 73.0 77.0 82.0 86.0 91.0 95.0 100.0 104.0 108.0 113.0 117.0 121.0 126.0 130.0 134.0 139.0 143.0 148.0 152.0 156.0 160.0 165.0 169.0 174.0 178.0 182.0 186.0 191.0 195.0 199.0 204.0 208.0 212.0 217.0 221.0 225.0 229.0 234.0 238.0 242.0 246.0 251.0 255.0 259.0 264.0 268.0 272.0 276.0 280.0 284.0 289.0 293.0 297.0 301.0 305.0 309.0 314.0 318.0 322.0 326.0 330.0 334.0 338.0 342.0 346.0 350.0 354.0 358.0 362.0 366.0 370.0 374.0 378.0 382.0 386.0 390.0 393.0 397.0 402.0 405.0 409.0 414.0 417.0 421.0 425.0 429.0 433.0 437.0 441.0 445.0 449.0 453.0 68.0
540.0 515.0 512.0 509.0 506.0 503.0 499.0 496.0 493.0 489.0 486.0 483.0 480.0 476.0 473.0 469.0 466.0 463.0 459.0 456.0 453.0 449.0 446.0 442.0 439.0 436.0 432.0 429.0 425.0 422.0 418.0 415.0 412.0 408.0 405.0 401.0 398.0 394.0 391.0 388.0 385.0 381.0 378.0 375.0 371.0 368.0 365.0 361.0 358.0 355.0 351.0 348.0 345.0 341.0 338.0 334.0 331.0 328.0 324.0 321.0 318.0 314.0 311.0 308.0 304.0 301.0 297.0 294.0 291.0 288.0 284.0 281.0 277.0 274.0 270.0 267.0 263.0 260.0 257.0 253.0 250.0 246.0 243.0 239.0 236.0 232.0 229.0 226.0 222.0 219.0 216.0 212.0 209.0 206.0 203.0 199.0 196.0 192.0 189.0 185.0 2.0 42.0 46.0 51.0 56.0 61.0 65.0 70.0 74.0 79.0 83.0 88.0 93.0 97.0 101.0 106.0 111.0 115.0 120.0 124.0 129.0 133.0 138.0 142.0 147.0 151.0 156.0 160.0 165.0 169.0 174.0 178.0 183.0 187.0 192.0 196.0 201.0 205.0 210.0 214.0 218.0 223.0 228.0 232.0 236.0 241.0 245.0 250.0 254.0 259.0 263.0 268.0 272.0 277.0 281.0 286.0 290.0 295.0 299.0 303.0 308.0 312.0 317.0 321.0 325.0 330.0 334.0 338.0 343.0 347.0 351.0 355.0 360.0 364.0 368.0 373.0 377.0 381.0 386.0 390.0 394.0 398.0 402.0 407.0 411.0 415.0 420.0 424.0 428.0 433.0 437.0 441.0 446.0 450.0 454.0 458.0 463.0 467.0 471.0 475.0 69.0
540.0 520.0 517.0 515.0 512.0 510.0 507.0 504.0 502.0 499.0 497.0 494.0 491.0 489.0 486.0 483.0 480.0 478.0 475.0 473.0 470.0 467.0 464.0 462.0 459.0 456.0 454.0 451.0 448.0 446.0 443.0 440.0 437.0 435.0 432.0 429.0 427.0 424.0 421.0 418.0 416.0 413.0 410.0 408.0 405.0 402.0 399.0 397.0 394.0 392.0 389.0 386.0 383.0 381.0 378.0 375.0 373.0 370.0 367.0 365.0 362.0 359.0 356.0 354.0 351.0 348.0 345.0 342.0 340.0 337.0 334.0 331.0 328.0 326.0 323.0 320.0 317.0 314.0 311.0 308.0 305.0 302.0 300.0 297.0 294.0 291.0 288.0 285.0 283.0 280.0 277.0 274.0 271.0 268.0 266.0 263.0 260.0 257.0 254.0 251.0 2.0 43.0 48.0 53.0 58.0 63.0 68.0 72.0 77.0 82.0 87.0 91.0 96.0 101.0 106.0 110.0 115.0 120.0 125.0 129.0 134.0 139.0 143.0 148.0 153.0 158.0 162.0 167.0 172.0 177.0 181.0 186.0 191.0 196.0 200.0 205.0 210.0 214.0 219.0 224.0 228.0 233.0 238.0 243.0 247.0 252.0 257.0 261.0 266.0 271.0 275.0 280.0 285.0 289.0 294.0 299.0 304.0 308.0 313.0 317.0 322.0 327.0 331.0 336.0 341.0 345.0 350.0 354.0 359.0 363.0 368.0 372.0 377.0 382.0 386.0 391.0 395.0 400.0 404.0 408.0 413.0 418.0 422.0 427.0 431.0 436.0 440.0 445.0 449.0 454.0 458.0 463.0 467.0 472.0 476.0 481.0 485.0 490.0 494.0 498.0 70.0
540.0 526.0 524.0 522.0 521.0 519.0 517.0 515.0 514.0 512.0 510.0 508.0 507.0 505.0 503.0 501.0 499.0 497.0 496.0 494.0 492.0 490.0 489.0 487.0 485.0 483.0 481.0 479.0 478.0 476.0 474.0 472.0 470.0 468.0 467.0 464.0 463.0 461.0 459.0 457.0 455.0 454.0 452.0 450.0 448.0 446.0 445.0 443.0 441.0 439.0 437.0 435.0 434.0 432.0 430.0 428.0 426.0 424.0 422.0 421.0 418.0 417.0 415.0 413.0 411.0 409.0 407.0 405.0 403.0 401.0 399.0 397.0 395.0 393.0 391.0 388.0 386.0 384.0 382.0 380.0 378.0 375.0 373.0 371.0 369.0 367.0 365.0 362.0 360.0 358.0 356.0 354.0 352.0 349.0 347.0 345.0 343.0 340.0 338.0 335.0 2.0 45.0 50.0 55.0 60.0 65.0 70.0 75.0 79.0 84.0 89.0 94.0 99.0 104.0 109.0 114.0 119.0 124.0 129.0 133.0 139.0 143.0 148.0 153.0 158.0 163.0 168.0 173.0 177.0 183.0 187.0 192.0 197.0 202.0 207.0 212.0 217.0 221.0 226.0 231.0 236.0 241.0 246.0 251.0 256.0 261.0 265.0 270.0 275.0 280.0 285.0 290.0 295.0 299.0 304.0 309.0 314.0 319.0 324.0 329.0 334.0 339.0 343.0 348.0 353.0 358.0 363.0 367.0 372.0 377.0 382.0 386.0 391.0 396.0 401.0 405.0 410.0 415.0 419.0 424.0 429.0 434.0 438.0 443.0 448.0 452.0 457.0 462.0 467.0 471.0 476.0 481.0 485.0 490.0 495.0 499.0 504.0 508.0 513.0 517.0 71.0
540.0 532.0 531.0 530.0 529.0 528.0 527.0 526.0 525.0 524.0 523.0 522.0 521.0 520.0 519.0 518.0 517.0 517.0 516.0 515.0 514.0 513.0 512.0 511.0 510.0 509.0 508.0 507.0 506.0 505.0 504.0 503.0 502.0 501.0 500.0 499.0 498.0 497.0 496.0 495.0 494.0 493.0 492.0 491.0 490.0 489.0 489.0 488.0 487.0 486.0 485.0 484.0 483.0 482.0 481.0 480.0 479.0 478.0 477.0 476.0 475.0 474.0 473.0 472.0 471.0 470.0 469.0 468.0 467.0 466.0 465.0 464.0 462.0 461.0 460.0 459.0 458.0 457.0 456.0 454.0 453.0 452.0 451.0 449.0 448.0 447.0 446.0 444.0 443.0 442.0 441.0 440.0 439.0 437.0 436.0 435.0 434.0 432.0 431.0 429.0 2.0 45.0 51.0 55.0 60.0 65.0 70.0 75.0 80.0 85.0 91.0 95.0 100.0 105.0 110.0 115.0 120.0 125.0 130.0 135.0 140.0 145.0 150.0 154.0 160.0 164.0 169.0 174.0 179.0 184.0 189.0 194.0 199.0 204.0 209.0 214.0 219.0 224.0 229.0 234.0 238.0 243.0 248.0 253.0 258.0 263.0 268.0 273.0 278.0 283.0 288.0 293.0 298.0 302.0 307.0 312.0 317.0 322.0 327.0 332.0 337.0 342.0 347.0 352.0 356.0 361.0 366.0 371.0 376.0 380.0 385.0 390.0 395.0 400.0 405.0 409.0 414.0 419.0 424.0 428.0 434.0 438.0 443.0 448.0 452.0 457.0 462.0 467.0 472.0 477.0 481.0 486.0 491.0 496.0 500.0 505.0 510.0 515.0 519.0 524.0 72.0
540.0 537.0 537.0 537.0 536.0 536.0 536.0 535.0 535.0 535.0 535.0 534.0 534.0 534.0 534.0 534.0 533.0 533.0 533.0 533.0 533.0 533.0 533.0 532.0 532.0 532.0 532.0 532.0 532.0 532.0 532.0 531.0 531.0 531.0 531.0 531.0 531.0 531.0 531.0 531.0 531.0 531.0 530.0 531.0 531.0 531.0 531.0 531.0 531.0 531.0 531.0 531.0 531.0 531.0 531.0 531.0 531.0 531.0 531.0 531.0 531.0 531.0 531.0 531.0 531.0 531.0 531.0 531.0 531.0 531.0 531.0 531.0 531.0 531.0 531.0 531.0 531.0 530.0 531.0 530.0 530.0 530.0 530.0 530.0 530.0 530.0 529.0 530.0 529.0 529.0 529.0 529.0 529.0 529.0 529.0 529.0 529.0 529.0 528.0 528.0 2.0 45.0 51.0 56.0 61.0 66.0 71.0 76.0 81.0 86.0 91.0 96.0 101.0 106.0 111.0 116.0 121.0 126.0 131.0 135.0 140.0 145.0 150.0 155.0 160.0 165.0 170.0 175.0 180.0 185.0 190.0 195.0 200.0 205.0 210.0 215.0 219.0 224.0 229.0 234.0 239.0 244.0 249.0 253.0 258.0 263.0 268.0 273.0 278.0 283.0 287.0 292.0 297.0 302.0 307.0 312.0 317.0 322.0 326.0 331.0 336.0 341.0 346.0 351.0 355.0 360.0 365.0 369.0 374.0 379.0 384.0 389.0 394.0 398.0 403.0 408.0 413.0 417.0 422.0 427.0 432.0 437.0 441.0 446.0 451.0 456.0 460.0 465.0 470.0 475.0 479.0 484.0 489.0 494.0 498.0 503.0 508.0 512.0 517.0 522.0 73.0
540.0 543.0 544.0 544.0 545.0 545.0 545.0 546.0 547.0 547.0 548.0 548.0 549.0 549.0 550.0 551.0 551.0 552.0 553.0 553.0 554.0 555.0 556.0 556.0 557.0 558.0 559.0 559.0 560.0 561.0 561.0 562.0 563.0 564.0 564.0 565.0 566.0 567.0 567.0 568.0 569.0 570.0 571.0 572.0 573.0 574.0 575.0 575.0 576.0 577.0 578.0 579.0 580.0 581.0 582.0 583.0 584.0 585.0 586.0 587.0 587.0 588.0 589.0 590.0 591.0 592.0 593.0 594.0 595.0 596.0 596.0 597.0 598.0 599.0 600.0 601.0 602.0 603.0 604.0 604.0 605.0 606.0 607.0 608.0 608.0 609.0 610.0 611.0 612.0 613.0 614.0 615.0 615.0 616.0 617.0 619.0 619.0 620.0 621.0 622.0 2.0 45.0 50.0 55.0 60.0 65.0 70.0 75.0 80.0 85.0 90.0 95.0 100.0 105.0 110.0 115.0 120.0 124.0 130.0 134.0 139.0 144.0 149.0 153.0 158.0 163.0 168.0 173.0 178.0 183.0 187.0 192.0 197.0 202.0 207.0 212.0 216.0 221.0 226.0 231.0 236.0 241.0 245.0 250.0 255.0 260.0 264.0 269.0 274.0 279.0 283.0 288.0 293.0 298.0 302.0 307.0 312.0 317.0 321.0 326.0 331.0 336.0 340.0 345.0 350.0 354.0 359.0 364.0 369.0 373.0 378.0 382.0 388.0 392.0 397.0 401.0 406.0 411.0 416.0 420.0 425.0 430.0 434.0 439.0 444.0 449.0 453.0 458.0 463.0 467.0 472.0 476.0 481.0 486.0 491.0 495.0 499.0 504.0 509.0 513.0 74.0
540.0 550.0 551.0 552.0 553.0 555.0 556.0 557.0 559.0 560.0 562.0 563.0 565.0 566.0 568.0 570.0 571.0 573.0 574.0 576.0 578.0 579.0 581.0 582.0 584.0 586.0 587.0 589.0 591.0 592.0 594.0 596.0 597.0 599.0 601.0 602.0 604.0 606.0 607.0 609.0 611.0 613.0 614.0 616.0 618.0 620.0 622.0 624.0 626.0 627.0 629.0 631.0 633.0 634.0 636.0 638.0 640.0 641.0 643.0 645.0 647.0 649.0 651.0 652.0 654.0 656.0 658.0 660.0 661.0 663.0 665.0 666.0 668.0 670.0 672.0 673.0 675.0 677.0 678.0 680.0 682.0 683.0 685.0 687.0 688.0 690.0 692.0 693.0 695.0 697.0 699.0 701.0 703.0 704.0 707.0 709.0 710.0 712.0 714.0 716.0 2.0 45.0 50.0 54.0 59.0 64.0 69.0 74.0 79.0 84.0 89.0 94.0 98.0 103.0 108.0 113.0 117.0 122.0 127.0 132.0 136.0 141.0 146.0 151.0 155.0 160.0 165.0 170.0 174.0 179.0 184.0 189.0 193.0 198.0 203.0 208.0 212.0 217.0 222.0 227.0 231.0 236.0 240.0 245.0 250.0 254.0 259.0 264.0 269.0 273.0 278.0 282.0 287.0 292.0 296.0 301.0 306.0 311.0 315.0 320.0 324.0 329.0 334.0 338.0 343.0 348.0 352.0 357.0 362.0 366.0 371.0 375.0 380.0 385.0 389.0 394.0 399.0 403.0 408.0 413.0 418.0 422.0 427.0 431.0 436.0 441.0 445.0 450.0 455.0 459.0 464.0 468.0 473.0 477.0 482.0 486.0 490.0 494.0 499.0 503.0 75.0
540.0 555.0 557.0 558.0 561.0 563.0 564.0 566.0 569.0 571.0 573.0 575.0 578.0 580.0 582.0 584.0 587.0 589.0 591.0 594.0 596.0 598.0 601.0 603.0 606.0 608.0 610.0 613.0 615.0 617.0 620.0 623.0 625.0 627.0 630.0 632.0 634.0 637.0 639.0 642.0 644.0 647.0 649.0 652.0 654.0 657.0 659.0 662.0 665.0 667.0 669.0 672.0 675.0 677.0 680.0 682.0 685.0 687.0 690.0 692.0 695.0 697.0 700.0 702.0 705.0 707.0 710.0 713.0 715.0 717.0 720.0 722.0 725.0 727.0 729.0 732.0 734.0 736.0 739.0 741.0 743.0 746.0 748.0 751.0 753.0 756.0 758.0 760.0 763.0 765.0 768.0 770.0 773.0 775.0 778.0 780.0 783.0 785.0 788.0 790.0 2.0 43.0 48.0 53.0 57.0 62.0 67.0 72.0 76.0 81.0 86.0 90.0 95.0 100.0 104.0 109.0 113.0 118.0 122.0 127.0 131.0 136.0 140.0 145.0 149.0 154.0 159.0 163.0 168.0 172.0 177.0 181.0 186.0 190.0 195.0 199.0 203.0 208.0 212.0 217.0 221.0 226.0 230.0 234.0 239.0 243.0 248.0 252.0 257.0 261.0 266.0 270.0 274.0 279.0 283.0 288.0 292.0 296.0 301.0 305.0 310.0 314.0 318.0 323.0 327.0 332.0 336.0 340.0 345.0 349.0 354.0 358.0 363.0 367.0 372.0 376.0 381.0 385.0 390.0 394.0 399.0 403.0 408.0 412.0 417.0 421.0 426.0 430.0 435.0 439.0 444.0 448.0 452.0 457.0 461.0 465.0 470.0 474.0 478.0 482.0 76.0
540.0 558.0 560.0 563.0 565.0 568.0 570.0 573.0 575.0 578.0 581.0 583.0 586.0 589.0 592.0 595.0 597.0 600.0 603.0 606.0 609.0 611.0 614.0 617.0 620.0 623.0 626.0 629.0 632.0 635.0 638.0 641.0 644.0 647.0 650.0 653.0 656.0 659.0 662.0 665.0 667.0 670.0 674.0 677.0 680.0 683.0 686.0 689.0 692.0 695.0 698.0 701.0 705.0 707.0 710.0 714.0 717.0 720.0 723.0 726.0 729.0 732.0 735.0 738.0 741.0 744.0 747.0 750.0 753.0 756.0 759.0 762.0 765.0 768.0 771.0 774.0 777.0 780.0 783.0 786.0 789.0 792.0 795.0 798.0 801.0 804.0 807.0 810.0 813.0 816.0 819.0 822.0 825.0 828.0 832.0 835.0 838.0 840.0 844.0 847.0 2.0 43.0 48.0 52.0 57.0 61.0 66.0 71.0 75.0 80.0 84.0 89.0 93.0 98.0 102.0 107.0 111.0 116.0 120.0 125.0 129.0 133.0 138.0 142.0 147.0 151.0 155.0 160.0 164.0 169.0 173.0 177.0 182.0 186.0 191.0 195.0 199.0 203.0 207.0 212.0 216.0 220.0 225.0 229.0 233.0 237.0 242.0 246.0 250.0 254.0 259.0 263.0 267.0 271.0 275.0 280.0 284.0 288.0 292.0 296.0 301.0 305.0 309.0 313.0 317.0 321.0 326.0 330.0 334.0 338.0 342.0 347.0 351.0 355.0 359.0 364.0 368.0 372.0 377.0 381.0 385.0 389.0 394.0 398.0 402.0 406.0 410.0 415.0 419.0 423.0 427.0 432.0 435.0 440.0 444.0 448.0 452.0 456.0 460.0 463.0 77.0
540.0 559.0 562.0 565.0 567.0 570.0 573.0 575.0 578.0 581.0 584.0 587.0 590.0 593.0 596.0 599.0 602.0 605.0 608.0 611.0 614.0 618.0 621.0 624.0 628.0 631.0 634.0 637.0 640.0 643.0 647.0 650.0 653.0 657.0 660.0 663.0 667.0 670.0 674.0 677.0 680.0 683.0 687.0 690.0 694.0 697.0 701.0 704.0 708.0 711.0 714.0 718.0 721.0 725.0 728.0 732.0 735.0 739.0 742.0 746.0 749.0 753.0 756.0 760.0 763.0 767.0 770.0 774.0 777.0 781.0 784.0 787.0 791.0 794.0 798.0 801.0 805.0 808.0 811.0 815.0 818.0 822.0 825.0 828.0 832.0 835.0 839.0 842.0 846.0 849.0 853.0 856.0 860.0 863.0 867.0 871.0 874.0 877.0 881.0 884.0 2.0 43.0 48.0 52.0 57.0 62.0 66.0 71.0 75.0 80.0 85.0 89.0 93.0 98.0 102.0 107.0 111.0 116.0 120.0 125.0 129.0 134.0 138.0 142.0 147.0 151.0 155.0 160.0 164.0 168.0 173.0 177.0 182.0 186.0 190.0 195.0 199.0 203.0 207.0 211.0 215.0 220.0 224.0 228.0 232.0 236.0 241.0 244.0 249.0 253.0 257.0 261.0 265.0 269.0 273.0 277.0 281.0 285.0 289.0 293.0 298.0 301.0 305.0 310.0 313.0 317.0 321.0 325.0 329.0 334.0 337.0 341.0 346.0 349.0 354.0 358.0 362.0 366.0 370.0 374.0 378.0 382.0 386.0 390.0 394.0 398.0 402.0 406.0 410.0 414.0 418.0 422.0 425.0 429.0 433.0 437.0 441.0 444.0 448.0 452.0 78.0
540.0 560.0 563.0 565.0 568.0 571.0 574.0 576.0 579.0 582.0 585.0 588.0 591.0 594.0 597.0 601.0 603.0 607.0 610.0 613.0 616.0 619.0 623.0 626.0 630.0 633.0 636.0 640.0 643.0 646.0 650.0 653.0 657.0 660.0 664.0 667.0 670.0 674.0 678.0 681.0 684.0 688.0 692.0 695.0 699.0 703.0 706.0 710.0 714.0 717.0 721.0 725.0 728.0 732.0 736.0 739.0 743.0 746.0 750.0 754.0 758.0 762.0 765.0 769.0 773.0 776.0 780.0 784.0 787.0 791.0 795.0 799.0 802.0 806.0 810.0 813.0 817.0 820.0 825.0 828.0 832.0 835.0 839.0 843.0 846.0 850.0 854.0 857.0 861.0 865.0 869.0 873.0 876.0 880.0 884.0 888.0 892.0 895.0 899.0 903.0 2.0 43.0 48.0 52.0 57.0 62.0 66.0 71.0 75.0 80.0 85.0 89.0 94.0 98.0 103.0 107.0 112.0 116.0 121.0 125.0 129.0 134.0 138.0 142.0 147.0 151.0 155.0 160.0 164.0 169.0 173.0 177.0 181.0 186.0 190.0 195.0 199.0 203.0 207.0 211.0 215.0 220.0 224.0 228.0 232.0 236.0 240.0 244.0 248.0 253.0 257.0 261.0 265.0 269.0 273.0 277.0 281.0 285.0 289.0 293.0 297.0 301.0 305.0 309.0 312.0 316.0 320.0 324.0 328.0 332.0 336.0 340.0 344.0 348.0 352.0 356.0 360.0 364.0 368.0 372.0 376.0 380.0 384.0 388.0 392.0 395.0 399.0 403.0 407.0 411.0 415.0 418.0 422.0 426.0 430.0 433.0 437.0 440.0 444.0 448.0 79.0
540.0 560.0 563.0 566.0 569.0 572.0 574.0 577.0 580.0 583.0 586.0 589.0 592.0 595.0 598.0 601.0 604.0 608.0 611.0 614.0 617.0 620.0 624.0 627.0 630.0 634.0 637.0 640.0 643.0 647.0 650.0 654.0 657.0 661.0 664.0 667.0 671.0 674.0 678.0 681.0 685.0 688.0 692.0 696.0 699.0 703.0 706.0 710.0 714.0 718.0 721.0 725.0 728.0 732.0 736.0 740.0 743.0 747.0 751.0 754.0 758.0 762.0 765.0 769.0 773.0 777.0 780.0 784.0 788.0 791.0 795.0 799.0 803.0 807.0 810.0 814.0 818.0 821.0 825.0 829.0 832.0 836.0 840.0 843.0 847.0 851.0 855.0 858.0 862.0 866.0 870.0 874.0 878.0 882.0 885.0 890.0 893.0 897.0 901.0 905.0 2.0 43.0 48.0 52.0 57.0 62.0 66.0 71.0 75.0 80.0 84.0 89.0 93.0 98.0 102.0 107.0 111.0 116.0 120.0 125.0 129.0 133.0 138.0 142.0 147.0 151.0 155.0 160.0 164.0 168.0 173.0 177.0 181.0 186.0 190.0 194.0 199.0 203.0 207.0 211.0 216.0 220.0 224.0 228.0 232.0 236.0 241.0 245.0 249.0 253.0 257.0 261.0 265.0 269.0 274.0 278.0 282.0 286.0 290.0 294.0 298.0 302.0 306.0 310.0 314.0 318.0 322.0 326.0 330.0 334.0 338.0 342.0 346.0 350.0 354.0 359.0 363.0 366.0 370.0 375.0 379.0 383.0 386.0 391.0 395.0 399.0 402.0 406.0 410.0 414.0 418.0 422.0 426.0 429.0 433.0 437.0 441.0 444.0 448.0 452.0 80.0
540.0 561.0 564.0 566.0 569.0 572.0 575.0 578.0 580.0 583.0 586.0 589.0 592.0 595.0 599.0 602.0 605.0 608.0 611.0 614.0 617.0 620.0 624.0 627.0 631.0 634.0 637.0 640.0 643.0 647.0 650.0 654.0 657.0 660.0 663.0 667.0 670.0 674.0 677.0 680.0 684.0 687.0 691.0 694.0 698.0 701.0 705.0 708.0 712.0 715.0 719.0 722.0 726.0 729.0 733.0 737.0 740.0 743.0 747.0 751.0 754.0 758.0 761.0 765.0 769.0 772.0 776.0 779.0 783.0 786.0 790.0 793.0 797.0 800.0 804.0 807.0 811.0 814.0 817.0 821.0 824.0 828.0 831.0 835.0 838.0 842.0 846.0 849.0 852.0 856.0 859.0 864.0 867.0 871.0 875.0 878.0 882.0 886.0 890.0 893.0 2.0 43.0 48.0 53.0 57.0 62.0 67.0 71.0 76.0 80.0 85.0 90.0 94.0 99.0 103.0 108.0 113.0 117.0 122.0 126.0 130.0 135.0 139.0 144.0 148.0 153.0 158.0 162.0 166.0 171.0 175.0 180.0 184.0 189.0 193.0 198.0 202.0 207.0 211.0 215.0 220.0 224.0 228.0 233.0 237.0 241.0 246.0 250.0 254.0 258.0 263.0 267.0 271.0 275.0 280.0 284.0 288.0 293.0 297.0 301.0 305.0 309.0 314.0 318.0 322.0 326.0 331.0 335.0 339.0 343.0 348.0 352.0 356.0 360.0 365.0 369.0 373.0 377.0 382.0 386.0 390.0 394.0 399.0 403.0 407.0 412.0 416.0 420.0 424.0 428.0 432.0 436.0 440.0 444.0 449.0 452.0 456.0 460.0 464.0 468.0 81.0
540.0 560.0 563.0 565.0 568.0 570.0 573.0 576.0 579.0 581.0 584.0 587.0 590.0 592.0 595.0 598.0 601.0 604.0 607.0 610.0 613.0 616.0 619.0 622.0 625.0 628.0 631.0 634.0 637.0 640.0 643.0 646.0 649.0 652.0 655.0 658.0 661.0 664.0 667.0 670.0 673.0 676.0 680.0 683.0 686.0 689.0 692.0 695.0 698.0 702.0 705.0 708.0 711.0 714.0 717.0 721.0 724.0 727.0 730.0 733.0 736.0 739.0 742.0 745.0 749.0 752.0 755.0 758.0 761.0 764.0 767.0 770.0 773.0 776.0 779.0 782.0 784.0 787.0 790.0 793.0 796.0 799.0 802.0 805.0 808.0 811.0 814.0 817.0 819.0 822.0 825.0 829.0 831.0 834.0 837.0 840.0 843.0 847.0 850.0 853.0 2.0 44.0 49.0 54.0 58.0 63.0 68.0 73.0 77.0 82.0 87.0 92.0 96.0 101.0 106.0 110.0 115.0 120.0 125.0 129.0 133.0 138.0 143.0 148.0 152.0 157.0 162.0 166.0 171.0 175.0 180.0 185.0 189.0 194.0 198.0 203.0 208.0 212.0 217.0 221.0 226.0 230.0 235.0 240.0 244.0 249.0 253.0 258.0 262.0 267.0 271.0 276.0 280.0 285.0 289.0 294.0 298.0 303.0 307.0 312.0 316.0 320.0 325.0 330.0 334.0 339.0 343.0 347.0 352.0 357.0 361.0 366.0 370.0 375.0 380.0 384.0 388.0 393.0 398.0 402.0 407.0 411.0 416.0 420.0 425.0 430.0 434.0 439.0 443.0 448.0 452.0 457.0 461.0 465.0 470.0 474.0 479.0 482.0 487.0 491.0 82.0
